0,1,0
0,2,0
0,3,0
0,4,1
0,5,1
0,6,0
1,1,0
1,2,0
1,3,0
1,4,0
2,1,1
2,2,1
2,3,1
2,4,1
3,1,1
3,2,1
3,3,1
4,1,1
4,2,1
4,3,1
4,4,1
5,1,0
5,2,0
5,3,1
6,1,0
6,2,0
6,3,1
7,1,1
7,2,1
7,3,0
7,4,1
7,5,1
8,1,1
8,2,1
8,3,1
8,4,1
8,5,1
9,1,0
9,2,0
9,3,1
9,4,1
10,1,0
10,2,1
10,3,1
10,4,1
11,1,1
11,2,1
11,3,0
11,4,1
12,1,0
12,2,0
12,3,0
13,1,0
14,1,0
14,2,0
15,1,0
15,2,1
15,3,1
16,1,1
16,2,1
16,3,1
16,4,1
16,5,1
17,1,0
17,2,0
17,3,0
18,1,0
18,2,1
18,3,1
18,4,1
18,5,1
19,1,1
19,2,0
19,3,1
19,4,1
19,5,1
20,1,1
20,2,0
20,3,1
20,4,1
21,1,0
21,2,0
21,3,1
22,1,0
22,2,1
22,3,1
22,4,0
22,5,1
22,6,0
22,7,1
23,1,1
23,2,1
23,3,1
23,4,1
24,1,1
25,1,0
25,2,1
25,3,0
25,4,0
26,1,1
26,2,1
27,1,0
28,1,1
28,2,1
28,3,1
29,1,0
30,1,0
31,1,0
31,2,0
31,3,0
32,1,0
32,2,0
32,3,1
32,4,0
33,1,0
33,2,0
33,3,0
33,4,0
34,1,1
34,2,1
34,3,0
35,1,1
35,2,1
35,3,1
35,4,0
35,5,0
35,6,1
35,7,0
35,8,1
36,1,0
36,2,1
36,3,0
36,4,0
37,1,0
37,2,0
37,3,1
38,1,1
38,2,0
38,3,1
38,4,0
38,5,1
38,6,1
39,1,0
39,2,0
39,3,1
39,4,0
40,1,1
40,2,0
40,3,0
41,1,1
41,2,0
41,3,0
41,4,0
42,1,1
42,2,0
42,3,1
42,4,1
43,1,1
43,2,0
43,3,0
43,4,0
44,1,0
44,2,1
44,3,0
45,1,0
45,2,0
45,3,0
46,1,1
46,2,0
46,3,0
47,1,0
47,2,0
48,1,0
48,2,0
48,3,1
49,1,1
49,2,1
49,3,1
49,4,1
50,1,1
50,2,1
50,3,0
50,4,0
51,1,1
52,1,1
52,2,1
52,3,1
52,4,1
53,1,1
53,2,1
53,3,1
53,4,1
53,5,1
54,1,0
54,2,0
54,3,0
54,4,0
54,5,1
54,6,1
54,7,1
54,8,1
54,9,0
54,10,1
55,1,1
55,2,0
56,1,0
56,2,0
56,3,1
57,1,1
58,1,1
58,2,1
58,3,1
59,1,0
59,2,0
59,3,1
59,4,0
60,1,0
60,2,0
60,3,0
60,4,0
60,5,1
61,1,0
61,2,0
61,3,0
62,1,0
62,2,0
62,3,1
63,1,1
64,1,1
64,2,1
64,3,1
64,4,1
64,5,1
64,6,1
64,7,1
65,1,0
65,2,0
65,3,0
66,1,1
66,2,1
66,3,1
67,1,1
67,2,1
68,1,0
68,2,1
69,1,1
69,2,1
69,3,1
69,4,1
70,1,0
70,2,0
70,3,0
70,4,1
70,5,0
71,1,0
72,1,0
72,2,0
72,3,1
72,4,0
72,5,1
73,1,1
73,2,1
73,3,1
73,4,1
74,1,0
74,2,0
74,3,0
74,4,1
74,5,0
75,1,0
75,2,0
75,3,0
75,4,1
76,1,0
76,2,0
76,3,0
76,4,1
76,5,1
77,1,0
78,1,0
78,2,0
78,3,1
78,4,1
79,1,1
79,2,1
79,3,1
79,4,1
79,5,1
79,6,1
79,7,1
79,8,1
79,9,1
80,1,0
80,2,0
80,3,0
80,4,0
80,5,1
81,1,1
81,2,1
82,1,0
82,2,1
82,3,0
82,4,0
82,5,1
83,1,0
83,2,1
84,1,1
85,1,0
85,2,0
85,3,0
86,1,0
86,2,1
87,1,1
87,2,0
87,3,0
87,4,0
87,5,1
88,1,0
88,2,0
88,3,1
88,4,1
88,5,0
88,6,1
88,7,1
89,1,0
89,2,0
90,1,0
90,2,1
91,1,0
91,2,0
91,3,0
91,4,0
92,1,0
92,2,1
92,3,0
92,4,0
92,5,1
93,1,0
93,2,0
93,3,1
93,4,0
93,5,0
94,1,0
94,2,1
94,3,1
94,4,0
94,5,1
95,1,0
95,2,0
96,1,0
96,2,0
97,1,1
97,2,1
97,3,0
97,4,1
97,5,1
97,6,1
98,1,1
98,2,1
98,3,1
98,4,1
98,5,0
98,6,1
98,7,1
98,8,1
99,1,0
99,2,0
99,3,1
100,1,1
100,2,0
100,3,0
100,4,1
101,1,1
101,2,0
101,3,0
101,4,1
101,5,1
102,1,1
102,2,0
103,1,1
103,2,1
103,3,1
103,4,1
103,5,1
104,1,0
105,1,0
105,2,0
105,3,1
106,1,0
106,2,0
106,3,0
106,4,1
106,5,1
107,1,1
107,2,1
107,3,1
107,4,1
107,5,0
108,1,1
108,2,1
109,1,0
110,1,0
110,2,1
110,3,1
110,4,0
111,1,1
111,2,1
111,3,1
111,4,1
111,5,1
111,6,1
111,7,1
111,8,1
111,9,1
112,1,0
112,2,0
113,1,0
114,1,0
114,2,0
114,3,1
114,4,1
114,5,1
114,6,1
115,1,0
115,2,1
116,1,1
116,2,1
116,3,1
117,1,0
117,2,1
118,1,0
118,2,1
118,3,0
118,4,0
118,5,1
119,1,0
119,2,0
120,1,1
120,2,1
121,1,0
122,1,1
122,2,0
122,3,1
123,1,1
123,2,1
123,3,1
123,4,1
124,1,0
124,2,1
124,3,1
124,4,0
124,5,0
125,1,0
125,2,0
125,3,1
125,4,0
125,5,1
126,1,0
126,2,1
126,3,1
126,4,1
127,1,1
127,2,0
128,1,1
128,2,1
129,1,0
129,2,0
129,3,0
129,4,0
130,1,1
130,2,0
130,3,1
131,1,1
131,2,1
131,3,1
131,4,0
132,1,0
133,1,0
133,2,0
133,3,1
133,4,1
134,1,0
134,2,1
135,1,0
135,2,0
135,3,0
135,4,0
136,1,0
136,2,0
136,3,0
136,4,0
137,1,0
137,2,0
137,3,0
137,4,1
138,1,1
138,2,1
138,3,1
139,1,1
139,2,0
139,3,0
139,4,1
139,5,0
140,1,0
140,2,1
141,1,0
141,2,0
141,3,1
141,4,0
141,5,1
142,1,0
142,2,0
142,3,0
142,4,0
143,1,1
143,2,1
143,3,1
143,4,1
143,5,1
143,6,1
143,7,1
143,8,0
143,9,1
144,1,1
144,2,1
144,3,1
144,4,1
144,5,1
144,6,1
145,1,0
145,2,1
145,3,0
145,4,1
146,1,0
146,2,0
146,3,1
146,4,0
146,5,1
146,6,1
146,7,0
146,8,1
146,9,1
146,10,1
147,1,0
147,2,0
147,3,0
147,4,0
147,5,0
147,6,1
148,1,0
148,2,0
148,3,0
148,4,0
149,1,0
149,2,1
150,1,0
150,2,0
150,3,0
151,1,0
151,2,1
151,3,0
151,4,0
151,5,0
152,1,0
152,2,0
153,1,1
153,2,1
153,3,1
153,4,1
153,5,1
154,1,0
154,2,1
154,3,1
154,4,0
154,5,1
155,1,0
155,2,1
155,3,1
156,1,1
156,2,0
156,3,1
157,1,0
157,2,0
157,3,0
157,4,0
158,1,0
158,2,1
158,3,0
159,1,0
159,2,1
159,3,1
159,4,1
159,5,1
159,6,0
160,1,1
160,2,1
161,1,0
161,2,1
161,3,0
162,1,0
162,2,1
162,3,1
162,4,1
162,5,1
163,1,0
163,2,0
163,3,1
163,4,0
163,5,1
164,1,0
164,2,1
164,3,0
164,4,0
164,5,1
165,1,0
165,2,1
166,1,0
166,2,0
167,1,0
167,2,0
167,3,0
167,4,0
167,5,0
168,1,0
168,2,1
168,3,0
169,1,1
170,1,0
170,2,0
170,3,1
171,1,0
171,2,1
171,3,0
171,4,1
172,1,0
172,2,1
172,3,0
172,4,0
173,1,0
173,2,0
173,3,1
173,4,0
173,5,0
174,1,0
174,2,1
174,3,1
175,1,0
175,2,0
175,3,0
175,4,0
176,1,1
176,2,0
176,3,1
176,4,0
176,5,1
177,1,0
177,2,0
177,3,1
178,1,0
178,2,0
178,3,0
179,1,0
179,2,0
179,3,1
179,4,1
179,5,1
179,6,1
179,7,0
180,1,0
181,1,0
181,2,0
181,3,0
181,4,0
182,1,1
182,2,0
182,3,0
182,4,1
182,5,0
183,1,0
183,2,0
183,3,1
183,4,1
183,5,0
184,1,0
184,2,0
184,3,0
184,4,1
184,5,1
184,6,1
184,7,0
184,8,1
185,1,0
185,2,0
185,3,0
185,4,0
185,5,1
186,1,0
186,2,0
186,3,1
187,1,0
187,2,0
187,3,1
188,1,1
189,1,0
189,2,1
190,1,0
190,2,0
190,3,1
190,4,0
190,5,1
190,6,1
190,7,0
191,1,0
191,2,0
191,3,1
191,4,0
191,5,1
191,6,1
192,1,0
192,2,0
192,3,0
193,1,0
193,2,0
194,1,0
195,1,1
195,2,0
196,1,0
196,2,0
196,3,1
196,4,0
197,1,1
197,2,1
197,3,1
198,1,0
198,2,0
198,3,0
198,4,0
199,1,0
199,2,0
199,3,0
200,1,1
200,2,1
201,1,1
201,2,1
202,1,1
202,2,0
202,3,0
203,1,1
203,2,1
203,3,1
203,4,1
203,5,0
203,6,1
203,7,1
203,8,1
204,1,0
204,2,0
204,3,0
204,4,1
204,5,1
204,6,1
204,7,0
204,8,1
205,1,0
205,2,0
205,3,0
205,4,0
206,1,1
206,2,0
206,3,1
206,4,0
206,5,1
206,6,1
207,1,0
207,2,0
208,1,0
208,2,0
208,3,1
208,4,0
208,5,1
208,6,1
209,1,0
210,1,0
211,1,1
211,2,1
212,1,0
212,2,1
212,3,0
212,4,1
213,1,0
214,1,1
214,2,1
215,1,1
215,2,1
215,3,1
215,4,1
215,5,1
216,1,0
216,2,0
216,3,1
216,4,0
216,5,1
217,1,0
217,2,0
217,3,0
217,4,1
217,5,1
217,6,0
218,1,0
218,2,0
218,3,0
218,4,0
218,5,1
219,1,0
219,2,0
219,3,0
219,4,0
220,1,0
220,2,1
220,3,0
220,4,1
220,5,1
220,6,0
220,7,1
220,8,1
221,1,0
221,2,0
221,3,0
222,1,0
222,2,0
222,3,1
222,4,0
222,5,1
222,6,1
222,7,1
222,8,1
223,1,0
223,2,0
223,3,0
224,1,1
224,2,1
225,1,1
225,2,1
225,3,1
225,4,1
225,5,1
226,1,0
226,2,1
226,3,0
226,4,1
227,1,0
227,2,0
227,3,1
227,4,0
227,5,1
228,1,1
228,2,1
229,1,1
229,2,1
229,3,1
230,1,0
230,2,0
231,1,0
231,2,0
231,3,1
232,1,1
232,2,1
232,3,1
233,1,0
233,2,1
234,1,1
234,2,1
234,3,1
234,4,1
234,5,1
235,1,0
235,2,1
235,3,0
235,4,0
235,5,1
235,6,0
235,7,0
236,1,0
236,2,0
236,3,0
236,4,0
236,5,1
236,6,0
237,1,0
237,2,0
237,3,1
237,4,1
237,5,0
238,1,0
238,2,0
238,3,1
238,4,1
238,5,1
238,6,1
239,1,0
239,2,1
239,3,1
239,4,1
240,1,0
240,2,0
240,3,1
240,4,0
240,5,0
241,1,0
241,2,0
241,3,1
241,4,0
242,1,0
242,2,0
242,3,0
242,4,1
242,5,1
242,6,1
242,7,0
243,1,0
243,2,0
243,3,1
243,4,1
244,1,1
244,2,1
244,3,1
245,1,1
245,2,1
245,3,0
245,4,1
246,1,0
246,2,1
247,1,1
247,2,1
247,3,1
247,4,1
248,1,1
248,2,0
248,3,1
248,4,1
248,5,1
248,6,1
248,7,1
249,1,1
249,2,1
249,3,0
249,4,1
250,1,1
250,2,0
251,1,1
251,2,1
251,3,0
251,4,0
252,1,0
252,2,0
253,1,0
253,2,1
253,3,1
253,4,0
253,5,0
253,6,1
253,7,1
253,8,1
253,9,1
253,10,1
254,1,1
254,2,0
255,1,0
256,1,0
256,2,0
256,3,0
256,4,0
257,1,0
257,2,0
257,3,0
257,4,1
258,1,1
259,1,0
259,2,0
259,3,1
260,1,0
260,2,0
261,1,0
261,2,0
261,3,0
262,1,0
262,2,0
263,1,0
263,2,0
263,3,1
263,4,0
264,1,1
264,2,0
264,3,1
264,4,1
264,5,1
265,1,0
265,2,1
265,3,1
265,4,0
265,5,0
266,1,0
266,2,0
266,3,0
266,4,0
266,5,1
266,6,1
267,1,1
267,2,1
268,1,0
268,2,1
268,3,1
268,4,1
269,1,1
270,1,0
271,1,1
271,2,1
271,3,1
272,1,0
272,2,0
273,1,0
273,2,0
273,3,0
273,4,0
274,1,1
274,2,1
275,1,0
275,2,0
275,3,0
275,4,1
275,5,1
276,1,0
276,2,1
276,3,1
276,4,1
276,5,0
277,1,0
277,2,0
277,3,0
278,1,0
278,2,0
278,3,1
278,4,1
279,1,1
280,1,1
280,2,1
280,3,1
280,4,1
281,1,1
281,2,0
281,3,1
281,4,1
281,5,0
282,1,0
282,2,1
283,1,0
283,2,1
283,3,0
283,4,0
283,5,1
283,6,1
283,7,1
284,1,1
284,2,0
284,3,0
284,4,1
284,5,1
284,6,1
284,7,1
284,8,1
285,1,0
285,2,0
286,1,1
286,2,1
287,1,0
287,2,0
287,3,1
287,4,1
288,1,0
288,2,0
288,3,1
288,4,1
288,5,1
288,6,1
289,1,0
289,2,1
290,1,0
290,2,1
290,3,1
290,4,1
291,1,0
291,2,1
292,1,0
292,2,0
292,3,0
292,4,0
292,5,0
293,1,1
294,1,1
294,2,1
295,1,0
295,2,0
295,3,1
295,4,1
296,1,0
296,2,1
297,1,0
298,1,0
298,2,0
298,3,0
298,4,0
298,5,0
299,1,0
299,2,0
299,3,1
299,4,1
299,5,0
300,1,0
300,2,0
301,1,1
301,2,1
301,3,1
301,4,1
302,1,0
302,2,1
302,3,1
302,4,1
302,5,0
302,6,1
302,7,1
303,1,0
303,2,1
303,3,1
303,4,1
304,1,0
305,1,0
305,2,0
306,1,0
306,2,0
306,3,1
306,4,0
307,1,1
307,2,0
308,1,0
309,1,0
309,2,1
310,1,0
310,2,1
310,3,0
310,4,1
310,5,1
310,6,1
311,1,1
311,2,0
312,1,0
312,2,0
312,3,0
312,4,1
312,5,1
313,1,0
313,2,0
313,3,0
313,4,0
314,1,0
314,2,0
314,3,1
314,4,0
314,5,1
315,1,1
316,1,1
316,2,1
316,3,1
316,4,1
317,1,1
317,2,1
317,3,1
317,4,1
317,5,1
318,1,0
318,2,1
318,3,1
318,4,1
318,5,1
318,6,1
318,7,1
319,1,1
319,2,1
319,3,1
320,1,1
320,2,0
320,3,0
320,4,1
321,1,0
321,2,1
321,3,0
322,1,0
322,2,1
322,3,0
323,1,0
324,1,1
324,2,1
324,3,1
324,4,0
324,5,1
325,1,1
325,2,1
326,1,1
326,2,1
326,3,1
326,4,1
326,5,1
327,1,0
327,2,1
327,3,0
327,4,1
327,5,1
327,6,1
328,1,1
328,2,1
328,3,1
328,4,1
329,1,0
329,2,0
329,3,1
330,1,1
330,2,1
330,3,1
330,4,1
330,5,1
331,1,1
331,2,1
331,3,1
331,4,1
331,5,1
332,1,1
332,2,1
332,3,1
332,4,1
332,5,0
333,1,0
333,2,0
333,3,1
333,4,1
333,5,1
334,1,1
334,2,0
335,1,0
335,2,1
335,3,1
336,1,0
336,2,1
336,3,1
337,1,1
337,2,1
337,3,1
337,4,1
338,1,1
338,2,1
338,3,1
338,4,1
339,1,0
339,2,0
339,3,0
339,4,1
339,5,1
339,6,1
339,7,1
340,1,0
340,2,0
340,3,0
340,4,1
340,5,1
341,1,0
342,1,0
342,2,0
342,3,0
342,4,1
343,1,0
344,1,0
344,2,0
344,3,0
344,4,1
345,1,0
345,2,1
345,3,0
345,4,1
345,5,1
345,6,1
345,7,1
346,1,0
346,2,1
346,3,0
347,1,0
347,2,0
347,3,0
347,4,0
348,1,1
349,1,1
349,2,1
350,1,0
350,2,0
350,3,1
350,4,1
351,1,1
351,2,1
351,3,1
351,4,1
352,1,1
352,2,1
352,3,1
352,4,1
352,5,1
353,1,1
353,2,0
353,3,0
354,1,0
355,1,0
355,2,0
355,3,0
356,1,1
356,2,1
356,3,1
356,4,1
356,5,1
356,6,1
356,7,1
357,1,1
357,2,1
357,3,1
357,4,1
358,1,1
358,2,1
359,1,0
359,2,0
359,3,1
360,1,0
360,2,0
360,3,0
360,4,0
360,5,1
360,6,1
361,1,0
361,2,0
361,3,1
362,1,0
362,2,0
362,3,1
362,4,1
362,5,1
362,6,0
363,1,0
363,2,1
363,3,1
364,1,1
364,2,1
364,3,1
364,4,1
364,5,1
364,6,1
364,7,1
365,1,1
365,2,1
366,1,0
367,1,0
367,2,0
368,1,0
368,2,0
368,3,1
368,4,1
369,1,1
369,2,1
369,3,1
369,4,1
370,1,0
370,2,0
370,3,1
371,1,0
371,2,1
372,1,0
372,2,1
372,3,0
372,4,0
372,5,1
373,1,1
373,2,1
373,3,1
373,4,1
374,1,0
374,2,0
374,3,1
374,4,1
374,5,0
374,6,1
375,1,0
375,2,0
375,3,1
376,1,0
376,2,0
376,3,0
377,1,1
377,2,1
377,3,1
378,1,0
379,1,0
379,2,0
380,1,1
380,2,1
380,3,1
380,4,1
380,5,1
381,1,1
381,2,1
381,3,1
381,4,1
381,5,1
381,6,1
381,7,1
381,8,1
382,1,1
382,2,1
382,3,1
383,1,1
383,2,0
383,3,1
384,1,0
384,2,0
384,3,0
384,4,1
385,1,1
385,2,0
385,3,0
385,4,0
385,5,0
385,6,1
385,7,1
386,1,1
387,1,0
387,2,0
387,3,0
387,4,1
388,1,0
388,2,0
389,1,0
389,2,0
389,3,1
389,4,1
389,5,0
390,1,1
390,2,1
390,3,1
391,1,0
391,2,0
391,3,0
391,4,1
391,5,1
392,1,1
392,2,1
392,3,1
393,1,0
393,2,0
393,3,1
393,4,1
394,1,1
394,2,0
395,1,0
395,2,1
395,3,0
396,1,0
396,2,0
397,1,0
397,2,1
397,3,1
398,1,1
398,2,0
398,3,1
399,1,1
399,2,1
399,3,1
399,4,1
400,1,0
400,2,0
400,3,1
400,4,0
401,1,1
401,2,0
401,3,1
402,1,1
402,2,0
402,3,0
403,1,0
403,2,1
403,3,1
403,4,0
404,1,0
404,2,1
405,1,0
405,2,0
405,3,1
405,4,0
406,1,1
406,2,0
406,3,0
406,4,1
407,1,0
407,2,0
407,3,0
408,1,0
408,2,0
408,3,1
408,4,0
409,1,1
409,2,0
410,1,0
410,2,0
410,3,0
411,1,1
411,2,1
411,3,1
411,4,0
412,1,1
412,2,0
412,3,0
412,4,1
413,1,0
413,2,0
413,3,0
413,4,1
414,1,0
414,2,1
414,3,0
415,1,1
416,1,1
416,2,1
416,3,1
416,4,1
416,5,0
417,1,0
418,1,0
418,2,0
418,3,0
418,4,0
419,1,1
419,2,0
420,1,1
420,2,1
421,1,1
421,2,1
421,3,1
422,1,1
422,2,1
422,3,1
423,1,0
423,2,0
423,3,0
423,4,1
423,5,0
423,6,0
424,1,1
424,2,1
424,3,1
424,4,1
424,5,1
424,6,1
425,1,0
426,1,0
426,2,1
426,3,1
426,4,1
426,5,1
427,1,0
427,2,0
427,3,1
428,1,0
428,2,1
428,3,1
428,4,1
428,5,1
428,6,1
429,1,1
429,2,1
429,3,1
429,4,1
429,5,0
429,6,1
429,7,1
430,1,0
430,2,1
430,3,0
430,4,1
430,5,1
430,6,1
430,7,0
430,8,1
430,9,1
430,10,1
431,1,0
431,2,1
431,3,0
431,4,0
432,1,1
432,2,0
432,3,0
432,4,1
433,1,1
433,2,1
433,3,0
433,4,1
433,5,1
434,1,0
434,2,1
435,1,0
435,2,0
435,3,1
436,1,0
436,2,0
436,3,0
436,4,0
437,1,0
437,2,1
437,3,1
437,4,1
438,1,1
438,2,1
438,3,1
438,4,1
439,1,0
439,2,1
439,3,0
440,1,0
440,2,1
440,3,0
440,4,1
440,5,1
440,6,1
441,1,0
441,2,1
441,3,1
442,1,0
442,2,0
442,3,1
442,4,0
443,1,1
443,2,1
443,3,1
443,4,1
443,5,1
443,6,1
443,7,0
443,8,1
443,9,0
443,10,1
444,1,0
444,2,0
444,3,0
444,4,1
444,5,1
444,6,0
444,7,0
444,8,1
444,9,1
444,10,1
445,1,0
445,2,0
445,3,0
445,4,1
446,1,0
446,2,1
446,3,1
446,4,0
446,5,1
446,6,1
447,1,0
447,2,0
447,3,0
447,4,1
447,5,0
448,1,1
448,2,1
448,3,1
449,1,0
449,2,1
449,3,0
449,4,0
450,1,0
450,2,0
450,3,1
451,1,1
451,2,1
451,3,1
451,4,1
451,5,1
452,1,0
452,2,1
452,3,1
453,1,0
453,2,1
453,3,0
453,4,0
453,5,1
453,6,0
453,7,1
453,8,1
454,1,1
454,2,1
454,3,1
455,1,0
455,2,1
456,1,0
456,2,0
456,3,1
456,4,1
456,5,0
457,1,1
457,2,1
457,3,1
457,4,1
457,5,1
458,1,1
458,2,1
458,3,0
458,4,1
459,1,0
460,1,1
460,2,1
460,3,1
460,4,1
461,1,0
461,2,1
462,1,1
462,2,0
462,3,0
462,4,1
462,5,1
462,6,1
463,1,1
463,2,1
463,3,1
463,4,1
463,5,1
464,1,1
464,2,1
464,3,1
465,1,0
465,2,0
465,3,0
465,4,1
465,5,0
465,6,1
465,7,1
465,8,1
466,1,1
466,2,1
466,3,1
466,4,0
467,1,0
467,2,0
467,3,0
468,1,0
468,2,0
468,3,0
468,4,1
468,5,0
469,1,0
469,2,0
469,3,1
470,1,0
470,2,1
470,3,0
471,1,0
471,2,0
471,3,0
472,1,1
472,2,1
472,3,1
472,4,1
473,1,1
473,2,1
473,3,1
473,4,1
473,5,1
473,6,1
474,1,0
474,2,0
474,3,0
474,4,1
475,1,1
475,2,1
476,1,0
477,1,1
477,2,1
477,3,1
477,4,1
477,5,1
477,6,0
477,7,1
477,8,1
477,9,0
478,1,0
478,2,0
479,1,0
479,2,0
479,3,0
479,4,0
480,1,0
481,1,0
481,2,0
481,3,1
481,4,1
482,1,0
483,1,0
483,2,0
484,1,0
485,1,1
485,2,1
485,3,1
485,4,1
485,5,1
485,6,0
485,7,1
486,1,0
486,2,1
486,3,1
487,1,0
487,2,1
487,3,1
487,4,0
487,5,0
487,6,0
488,1,1
488,2,1
488,3,1
488,4,1
488,5,0
489,1,1
489,2,1
489,3,0
490,1,0
490,2,0
490,3,0
490,4,0
490,5,1
491,1,0
491,2,1
491,3,0
491,4,0
492,1,1
492,2,1
492,3,1
492,4,1
492,5,1
493,1,0
494,1,0
494,2,0
494,3,1
494,4,1
495,1,0
495,2,1
495,3,0
495,4,1
496,1,0
496,2,1
496,3,1
496,4,0
496,5,0
497,1,0
497,2,0
497,3,0
497,4,0
497,5,1
498,1,0
498,2,0
498,3,0
498,4,1
499,1,0
499,2,1
499,3,0
499,4,1
499,5,1
500,1,1
500,2,0
500,3,0
500,4,0
500,5,0
501,1,0
501,2,1
501,3,0
501,4,1
501,5,0
502,1,0
502,2,0
503,1,0
503,2,1
504,1,1
504,2,0
504,3,1
505,1,0
505,2,0
505,3,0
505,4,0
505,5,0
505,6,1
505,7,1
506,1,0
506,2,0
506,3,1
506,4,1
506,5,0
506,6,1
507,1,0
508,1,1
509,1,0
509,2,0
509,3,1
510,1,0
510,2,0
510,3,1
510,4,0
510,5,1
511,1,0
511,2,0
511,3,1
512,1,0
512,2,0
512,3,0
512,4,0
512,5,1
513,1,0
513,2,0
513,3,1
514,1,1
514,2,1
514,3,1
514,4,1
515,1,0
515,2,0
515,3,1
515,4,0
515,5,0
515,6,0
516,1,0
516,2,0
516,3,0
516,4,0
516,5,1
516,6,1
517,1,1
517,2,1
517,3,1
517,4,1
518,1,0
519,1,0
519,2,1
519,3,0
519,4,0
519,5,0
520,1,0
520,2,1
520,3,1
520,4,1
521,1,1
521,2,1
521,3,1
521,4,1
521,5,1
522,1,1
522,2,1
522,3,1
522,4,1
522,5,1
522,6,1
523,1,0
523,2,0
523,3,0
523,4,0
523,5,1
523,6,1
523,7,1
523,8,1
524,1,1
524,2,1
525,1,0
525,2,0
526,1,0
526,2,0
527,1,1
527,2,1
527,3,1
527,4,1
527,5,1
527,6,1
527,7,1
528,1,0
528,2,1
528,3,0
528,4,1
528,5,0
529,1,1
529,2,1
529,3,1
530,1,0
530,2,1
530,3,1
530,4,1
530,5,1
530,6,1
531,1,0
531,2,0
531,3,1
531,4,1
531,5,1
532,1,1
532,2,1
532,3,1
532,4,1
533,1,1
533,2,0
533,3,0
533,4,1
533,5,1
534,1,0
534,2,0
534,3,0
535,1,0
535,2,1
535,3,1
535,4,1
535,5,1
535,6,1
535,7,1
536,1,0
536,2,1
536,3,1
536,4,1
536,5,1
536,6,1
537,1,1
537,2,0
537,3,1
537,4,1
538,1,0
538,2,1
538,3,0
538,4,1
538,5,1
539,1,0
539,2,1
539,3,0
540,1,0
540,2,0
540,3,0
541,1,0
541,2,1
541,3,1
542,1,1
542,2,1
542,3,1
542,4,1
543,1,0
543,2,0
543,3,1
543,4,1
543,5,0
543,6,1
543,7,0
544,1,1
544,2,1
544,3,1
544,4,1
544,5,1
544,6,1
545,1,1
545,2,1
545,3,1
545,4,1
545,5,1
546,1,1
546,2,1
546,3,1
546,4,1
547,1,1
547,2,1
548,1,0
548,2,0
548,3,1
549,1,0
549,2,0
550,1,0
550,2,1
550,3,1
550,4,0
550,5,1
550,6,1
550,7,1
550,8,1
551,1,0
551,2,0
551,3,1
551,4,0
551,5,0
551,6,1
552,1,0
552,2,0
552,3,0
552,4,1
552,5,1
553,1,0
553,2,0
553,3,1
553,4,0
553,5,1
554,1,0
554,2,0
554,3,1
555,1,0
555,2,0
555,3,0
555,4,1
555,5,0
555,6,1
556,1,1
556,2,1
557,1,0
557,2,1
557,3,1
557,4,1
557,5,1
557,6,1
558,1,0
558,2,1
558,3,0
558,4,1
558,5,0
558,6,1
559,1,0
559,2,0
559,3,0
559,4,0
560,1,1
560,2,1
561,1,1
562,1,1
563,1,1
563,2,1
564,1,0
564,2,1
564,3,0
564,4,1
564,5,0
564,6,1
565,1,1
565,2,1
566,1,1
566,2,1
566,3,1
567,1,0
567,2,0
567,3,0
568,1,1
568,2,1
568,3,1
568,4,1
568,5,1
569,1,0
569,2,1
569,3,1
570,1,1
570,2,1
570,3,1
570,4,1
570,5,1
570,6,1
570,7,1
571,1,0
571,2,0
571,3,0
571,4,0
572,1,0
572,2,0
572,3,0
573,1,0
574,1,1
574,2,1
575,1,1
575,2,1
575,3,0
576,1,1
576,2,0
576,3,0
576,4,1
577,1,0
577,2,1
577,3,0
577,4,0
577,5,1
578,1,0
579,1,0
580,1,1
580,2,1
581,1,0
581,2,0
581,3,0
581,4,1
581,5,1
581,6,0
582,1,0
582,2,1
582,3,1
582,4,1
582,5,0
582,6,1
583,1,1
583,2,1
583,3,1
583,4,1
583,5,1
583,6,1
583,7,1
584,1,0
584,2,1
585,1,1
585,2,1
585,3,0
585,4,1
586,1,1
586,2,1
587,1,0
587,2,0
587,3,0
587,4,1
588,1,0
588,2,0
589,1,0
589,2,0
589,3,1
589,4,0
589,5,1
589,6,1
589,7,1
590,1,0
590,2,0
590,3,1
590,4,0
590,5,1
590,6,0
590,7,1
591,1,1
591,2,1
591,3,1
592,1,0
593,1,0
593,2,0
593,3,0
593,4,0
593,5,0
593,6,1
593,7,1
594,1,0
594,2,1
595,1,0
596,1,1
596,2,0
597,1,0
597,2,0
597,3,0
598,1,1
598,2,1
598,3,1
598,4,1
598,5,1
599,1,0
599,2,0
600,1,1
600,2,1
601,1,0
601,2,1
601,3,0
602,1,0
602,2,0
603,1,0
603,2,0
604,1,0
605,1,0
606,1,1
606,2,0
606,3,1
606,4,1
606,5,1
607,1,0
607,2,0
608,1,0
608,2,1
609,1,0
609,2,1
609,3,0
609,4,0
609,5,0
609,6,1
609,7,1
609,8,1
610,1,1
610,2,1
611,1,1
611,2,0
611,3,1
612,1,1
612,2,1
612,3,1
612,4,1
613,1,1
613,2,0
613,3,1
614,1,1
614,2,0
614,3,0
614,4,0
615,1,0
615,2,0
615,3,0
616,1,1
616,2,1
616,3,1
616,4,1
616,5,1
617,1,1
617,2,1
617,3,1
618,1,0
618,2,0
619,1,1
620,1,1
620,2,1
620,3,1
621,1,1
621,2,0
621,3,1
621,4,0
622,1,0
623,1,1
623,2,1
623,3,1
623,4,1
623,5,1
623,6,1
623,7,1
624,1,1
625,1,0
625,2,1
625,3,1
625,4,0
625,5,0
626,1,0
627,1,0
627,2,0
627,3,0
627,4,0
628,1,1
628,2,1
628,3,1
628,4,1
629,1,0
630,1,0
630,2,0
631,1,0
631,2,0
632,1,0
632,2,0
632,3,0
633,1,1
633,2,1
633,3,1
633,4,1
633,5,1
633,6,1
634,1,1
634,2,0
634,3,1
635,1,1
635,2,0
635,3,0
636,1,0
636,2,0
637,1,0
637,2,1
637,3,1
637,4,0
637,5,0
637,6,1
637,7,0
638,1,0
638,2,1
638,3,0
639,1,0
639,2,1
639,3,0
639,4,0
640,1,1
641,1,1
641,2,1
641,3,1
641,4,1
642,1,1
642,2,0
642,3,0
642,4,0
643,1,0
643,2,1
643,3,0
643,4,0
643,5,0
643,6,0
644,1,1
644,2,1
644,3,1
644,4,1
645,1,1
645,2,1
646,1,0
646,2,0
646,3,0
647,1,1
647,2,1
647,3,0
647,4,1
648,1,1
648,2,0
648,3,1
649,1,1
650,1,0
650,2,1
650,3,1
650,4,0
651,1,0
651,2,0
651,3,0
651,4,0
652,1,0
652,2,1
652,3,0
652,4,0
652,5,1
652,6,1
653,1,1
653,2,0
653,3,1
654,1,0
654,2,1
654,3,0
654,4,1
655,1,1
655,2,1
655,3,1
656,1,1
656,2,1
656,3,0
657,1,0
657,2,0
658,1,1
658,2,0
658,3,1
658,4,1
659,1,1
659,2,1
660,1,0
660,2,1
660,3,0
660,4,0
660,5,1
661,1,1
661,2,1
662,1,0
662,2,0
662,3,1
662,4,0
662,5,1
662,6,1
663,1,1
663,2,1
664,1,1
664,2,1
664,3,1
664,4,1
664,5,1
665,1,0
665,2,0
665,3,0
665,4,1
665,5,0
665,6,1
665,7,0
665,8,1
666,1,1
667,1,1
667,2,1
667,3,1
668,1,0
668,2,0
668,3,0
668,4,1
669,1,0
669,2,0
669,3,0
669,4,1
670,1,0
670,2,0
670,3,1
670,4,1
670,5,1
671,1,0
671,2,1
672,1,0
672,2,0
672,3,1
672,4,0
672,5,0
672,6,1
673,1,1
673,2,1
673,3,1
673,4,1
674,1,0
674,2,0
675,1,0
676,1,1
676,2,1
676,3,0
676,4,0
676,5,0
677,1,1
677,2,0
677,3,0
677,4,0
678,1,1
679,1,0
679,2,0
679,3,1
680,1,1
680,2,0
680,3,0
681,1,1
681,2,0
681,3,1
681,4,0
682,1,1
683,1,1
683,2,0
684,1,0
684,2,0
685,1,0
685,2,0
686,1,0
686,2,0
686,3,0
687,1,0
687,2,0
687,3,0
688,1,0
688,2,1
689,1,1
689,2,1
690,1,1
690,2,0
690,3,1
690,4,1
690,5,1
691,1,1
691,2,1
692,1,0
692,2,0
692,3,1
692,4,0
692,5,0
692,6,1
692,7,1
692,8,1
692,9,1
692,10,1
693,1,1
693,2,1
693,3,1
693,4,1
693,5,1
694,1,0
694,2,1
694,3,0
694,4,1
694,5,1
694,6,1
695,1,0
695,2,0
696,1,0
696,2,0
696,3,1
696,4,0
697,1,0
697,2,0
698,1,1
698,2,1
698,3,1
698,4,1
698,5,1
699,1,0
699,2,0
699,3,0
699,4,1
700,1,1
701,1,0
701,2,0
701,3,1
701,4,1
701,5,1
701,6,0
701,7,0
702,1,1
702,2,0
702,3,0
702,4,1
703,1,0
703,2,0
703,3,1
704,1,1
704,2,1
704,3,1
704,4,1
705,1,0
705,2,0
705,3,1
705,4,0
705,5,0
706,1,0
706,2,0
706,3,0
706,4,0
706,5,1
706,6,0
706,7,0
706,8,1
707,1,0
707,2,0
707,3,0
708,1,1
708,2,0
708,3,0
709,1,0
709,2,0
709,3,1
710,1,1
710,2,1
711,1,0
711,2,1
711,3,0
711,4,0
711,5,1
711,6,1
712,1,0
712,2,0
712,3,1
712,4,0
712,5,0
712,6,1
712,7,1
712,8,1
713,1,0
713,2,0
713,3,0
713,4,0
714,1,0
714,2,1
714,3,0
715,1,1
715,2,1
715,3,1
716,1,1
716,2,1
717,1,1
717,2,1
717,3,1
718,1,0
718,2,0
718,3,0
718,4,1
719,1,0
719,2,0
719,3,0
719,4,1
719,5,0
719,6,1
719,7,1
719,8,1
720,1,1
720,2,1
720,3,1
720,4,1
721,1,0
721,2,0
721,3,1
721,4,1
721,5,0
722,1,1
722,2,1
722,3,1
723,1,0
723,2,0
723,3,1
723,4,1
724,1,0
725,1,1
725,2,0
725,3,0
725,4,0
725,5,1
725,6,1
725,7,1
726,1,0
726,2,0
726,3,0
726,4,1
727,1,1
727,2,0
728,1,1
728,2,0
728,3,0
729,1,0
729,2,1
729,3,0
729,4,0
730,1,0
730,2,1
731,1,0
731,2,1
731,3,1
731,4,1
731,5,1
731,6,0
731,7,0
731,8,1
732,1,0
732,2,1
732,3,1
732,4,1
732,5,1
733,1,0
733,2,0
733,3,1
733,4,0
733,5,1
734,1,0
734,2,0
734,3,0
735,1,0
735,2,0
735,3,0
735,4,1
736,1,0
736,2,0
737,1,0
737,2,0
737,3,0
738,1,0
738,2,0
738,3,1
738,4,0
739,1,1
739,2,0
739,3,1
739,4,1
739,5,1
740,1,0
740,2,0
740,3,0
741,1,1
741,2,1
741,3,0
742,1,1
742,2,1
743,1,0
743,2,0
743,3,1
743,4,0
744,1,1
744,2,0
744,3,0
745,1,1
745,2,1
745,3,1
745,4,1
745,5,1
746,1,0
746,2,0
746,3,1
746,4,1
747,1,0
747,2,0
748,1,1
748,2,1
748,3,1
749,1,0
749,2,0
749,3,0
749,4,0
749,5,0
749,6,1
749,7,1
749,8,1
749,9,1
750,1,0
750,2,0
750,3,0
750,4,0
751,1,0
751,2,0
751,3,1
751,4,0
751,5,1
752,1,0
752,2,1
752,3,0
753,1,0
754,1,1
754,2,0
754,3,1
754,4,1
755,1,0
755,2,1
755,3,0
756,1,0
756,2,1
756,3,0
757,1,0
757,2,1
758,1,0
759,1,0
759,2,0
759,3,0
759,4,0
759,5,0
759,6,1
759,7,1
759,8,1
759,9,1
759,10,0
760,1,1
760,2,1
761,1,0
761,2,0
761,3,0
761,4,0
762,1,0
762,2,1
762,3,1
762,4,1
762,5,1
762,6,0
763,1,0
763,2,1
763,3,0
763,4,1
764,1,1
764,2,1
764,3,1
764,4,1
765,1,0
765,2,0
766,1,0
766,2,0
766,3,1
766,4,1
766,5,1
766,6,0
767,1,1
767,2,0
767,3,1
767,4,1
767,5,1
768,1,0
768,2,0
768,3,0
768,4,0
769,1,0
770,1,0
770,2,0
770,3,0
770,4,1
771,1,0
771,2,0
771,3,0
771,4,0
772,1,0
772,2,0
772,3,1
772,4,1
772,5,1
772,6,1
773,1,0
773,2,1
773,3,1
773,4,1
773,5,0
774,1,0
774,2,1
774,3,0
774,4,0
775,1,0
775,2,0
775,3,1
775,4,1
776,1,0
776,2,0
776,3,0
776,4,1
777,1,0
777,2,0
777,3,0
777,4,1
777,5,0
778,1,1
778,2,0
778,3,1
778,4,0
778,5,1
779,1,1
779,2,1
779,3,1
779,4,1
779,5,1
779,6,1
779,7,1
780,1,1
780,2,1
780,3,1
780,4,1
780,5,1
780,6,1
780,7,1
780,8,1
780,9,1
780,10,1
781,1,1
782,1,1
782,2,0
782,3,1
783,1,1
783,2,1
783,3,1
783,4,1
783,5,1
783,6,1
783,7,1
784,1,1
784,2,1
784,3,1
785,1,0
785,2,0
785,3,0
785,4,0
785,5,1
786,1,0
786,2,1
786,3,0
786,4,0
787,1,1
787,2,1
787,3,1
788,1,1
788,2,0
788,3,1
788,4,0
788,5,1
788,6,1
788,7,1
789,1,0
789,2,0
789,3,0
789,4,1
789,5,1
790,1,0
790,2,0
790,3,1
790,4,1
791,1,0
791,2,0
791,3,0
791,4,1
792,1,0
792,2,1
792,3,1
792,4,1
792,5,0
793,1,0
793,2,1
793,3,0
794,1,0
795,1,0
795,2,1
795,3,0
795,4,1
795,5,1
795,6,1
795,7,1
795,8,1
795,9,0
796,1,1
796,2,1
796,3,1
797,1,0
797,2,1
797,3,1
798,1,0
798,2,1
798,3,1
799,1,0
799,2,1
799,3,0
799,4,0
800,1,0
800,2,1
800,3,0
800,4,0
801,1,1
801,2,1
801,3,1
802,1,0
802,2,0
802,3,0
803,1,0
803,2,0
803,3,1
803,4,1
803,5,0
803,6,1
803,7,0
803,8,0
803,9,1
804,1,1
804,2,1
804,3,0
805,1,0
805,2,1
805,3,0
805,4,0
805,5,1
805,6,1
805,7,0
806,1,1
806,2,1
806,3,1
806,4,1
807,1,0
807,2,1
807,3,1
807,4,0
808,1,0
808,2,0
808,3,1
808,4,1
809,1,0
809,2,1
809,3,1
809,4,1
809,5,1
809,6,1
809,7,1
809,8,1
809,9,1
810,1,0
810,2,1
810,3,1
811,1,0
811,2,0
811,3,1
811,4,1
811,5,1
812,1,1
813,1,0
813,2,0
813,3,0
813,4,0
814,1,0
814,2,1
814,3,1
815,1,0
815,2,1
815,3,1
815,4,0
815,5,1
815,6,0
816,1,0
816,2,0
816,3,1
816,4,1
816,5,1
816,6,0
817,1,1
817,2,1
817,3,0
818,1,1
818,2,1
818,3,1
819,1,1
819,2,1
819,3,0
819,4,1
819,5,1
820,1,0
820,2,0
820,3,1
820,4,0
821,1,0
821,2,1
821,3,0
821,4,0
821,5,0
822,1,0
822,2,1
822,3,0
822,4,1
822,5,0
823,1,1
823,2,0
824,1,0
824,2,0
824,3,1
824,4,0
825,1,0
825,2,0
825,3,1
826,1,1
826,2,1
826,3,1
826,4,1
826,5,1
827,1,0
827,2,0
827,3,0
827,4,1
827,5,1
828,1,0
828,2,0
828,3,1
828,4,0
828,5,1
829,1,0
829,2,0
829,3,1
829,4,1
830,1,0
830,2,0
830,3,0
830,4,1
831,1,0
831,2,0
832,1,1
832,2,1
833,1,0
833,2,0
833,3,0
834,1,1
834,2,0
834,3,1
834,4,1
835,1,0
835,2,1
835,3,1
835,4,1
836,1,1
836,2,0
836,3,1
836,4,1
837,1,1
837,2,0
837,3,1
837,4,1
837,5,1
837,6,1
837,7,1
837,8,1
837,9,1
838,1,0
838,2,0
838,3,0
838,4,0
839,1,1
839,2,0
839,3,0
839,4,1
839,5,1
840,1,0
840,2,0
840,3,1
840,4,1
841,1,1
841,2,1
841,3,1
841,4,1
841,5,1
841,6,1
841,7,1
842,1,1
842,2,1
842,3,1
842,4,1
843,1,0
843,2,1
843,3,0
844,1,0
845,1,0
845,2,0
845,3,1
845,4,0
845,5,1
846,1,0
846,2,0
847,1,0
847,2,0
847,3,1
847,4,1
847,5,1
848,1,1
848,2,1
848,3,1
849,1,0
849,2,0
849,3,0
849,4,0
850,1,0
850,2,1
850,3,0
850,4,1
850,5,1
850,6,0
850,7,1
850,8,1
851,1,1
851,2,1
851,3,0
852,1,0
852,2,0
852,3,1
852,4,0
853,1,0
853,2,1
854,1,0
854,2,0
854,3,0
854,4,1
854,5,1
855,1,1
855,2,0
856,1,1
856,2,1
856,3,1
856,4,1
856,5,1
856,6,1
857,1,1
857,2,1
857,3,1
857,4,1
857,5,1
858,1,1
858,2,1
859,1,1
859,2,1
859,3,1
860,1,0
860,2,1
861,1,0
861,2,0
861,3,0
862,1,0
863,1,0
863,2,0
863,3,0
864,1,1
865,1,1
865,2,0
865,3,0
865,4,0
866,1,0
866,2,0
866,3,0
866,4,0
867,1,0
867,2,1
867,3,0
868,1,1
868,2,1
868,3,0
868,4,0
869,1,1
869,2,1
870,1,1
870,2,0
870,3,0
870,4,0
870,5,1
871,1,0
871,2,0
872,1,1
872,2,1
873,1,0
873,2,0
873,3,0
873,4,0
874,1,0
874,2,0
874,3,0
874,4,1
875,1,1
875,2,0
875,3,1
875,4,1
875,5,1
876,1,0
876,2,0
877,1,1
878,1,0
878,2,0
878,3,0
878,4,0
879,1,1
880,1,0
880,2,1
881,1,1
881,2,1
881,3,0
881,4,0
882,1,1
882,2,1
883,1,0
883,2,1
883,3,0
884,1,1
884,2,0
884,3,1
885,1,0
885,2,1
885,3,1
886,1,0
886,2,0
886,3,1
886,4,0
887,1,0
887,2,1
887,3,1
888,1,0
889,1,0
889,2,1
890,1,0
890,2,0
891,1,0
891,2,1
891,3,0
892,1,0
893,1,1
893,2,1
893,3,0
893,4,1
893,5,1
893,6,1
893,7,1
894,1,0
894,2,0
894,3,0
895,1,0
895,2,0
895,3,1
896,1,1
896,2,0
896,3,1
896,4,0
897,1,1
897,2,1
898,1,0
898,2,0
898,3,0
898,4,0
898,5,1
898,6,0
898,7,1
898,8,0
899,1,0
899,2,0
900,1,1
900,2,1
901,1,0
901,2,1
902,1,1
902,2,1
902,3,0
902,4,0
902,5,1
902,6,1
903,1,0
903,2,1
903,3,0
903,4,1
903,5,1
904,1,0
904,2,0
904,3,0
904,4,0
904,5,0
905,1,1
905,2,1
906,1,1
906,2,1
906,3,1
906,4,1
907,1,0
907,2,1
907,3,1
907,4,1
907,5,1
907,6,0
907,7,1
908,1,0
908,2,0
908,3,0
908,4,0
908,5,0
909,1,0
909,2,1
909,3,1
909,4,1
909,5,1
909,6,1
910,1,0
910,2,0
910,3,0
910,4,0
910,5,1
910,6,1
910,7,1
910,8,1
911,1,1
911,2,1
911,3,1
911,4,0
912,1,0
912,2,0
913,1,1
913,2,1
913,3,0
913,4,0
913,5,1
913,6,1
914,1,1
915,1,1
915,2,1
915,3,1
915,4,1
915,5,1
916,1,1
916,2,1
916,3,1
917,1,0
917,2,0
917,3,1
918,1,0
918,2,0
918,3,0
918,4,0
918,5,0
918,6,1
918,7,0
919,1,0
919,2,0
920,1,0
921,1,0
921,2,0
921,3,0
922,1,0
923,1,1
923,2,1
923,3,1
923,4,1
924,1,1
924,2,1
924,3,0
925,1,0
926,1,0
926,2,1
926,3,1
926,4,0
927,1,1
927,2,1
927,3,1
927,4,1
927,5,1
928,1,0
928,2,1
928,3,0
928,4,1
928,5,1
928,6,0
929,1,0
929,2,0
929,3,1
930,1,0
930,2,0
930,3,1
930,4,1
930,5,0
930,6,1
930,7,1
931,1,1
931,2,1
932,1,0
932,2,1
932,3,0
933,1,0
933,2,0
933,3,1
933,4,1
933,5,0
933,6,0
933,7,1
934,1,0
934,2,0
934,3,0
934,4,1
934,5,0
934,6,1
935,1,0
935,2,1
935,3,0
935,4,1
935,5,1
935,6,1
936,1,0
937,1,1
937,2,1
937,3,1
938,1,0
938,2,0
938,3,0
938,4,0
938,5,0
938,6,1
938,7,1
938,8,1
939,1,0
939,2,1
939,3,0
939,4,0
939,5,0
940,1,1
940,2,1
940,3,1
941,1,1
941,2,1
941,3,1
942,1,0
942,2,0
943,1,0
943,2,0
943,3,0
943,4,1
943,5,1
943,6,1
944,1,0
944,2,0
944,3,0
944,4,1
944,5,1
944,6,0
944,7,0
945,1,0
946,1,0
946,2,1
946,3,0
946,4,1
946,5,1
947,1,1
947,2,1
947,3,1
947,4,1
947,5,1
948,1,1
948,2,1
949,1,0
949,2,0
949,3,0
949,4,0
949,5,1
949,6,0
949,7,1
950,1,0
950,2,0
950,3,1
950,4,0
950,5,0
951,1,1
951,2,0
952,1,0
952,2,0
952,3,0
952,4,0
952,5,1
953,1,0
953,2,0
953,3,0
953,4,1
953,5,1
954,1,1
954,2,1
954,3,1
954,4,1
955,1,0
956,1,0
956,2,0
956,3,1
956,4,0
956,5,0
957,1,0
957,2,0
958,1,0
958,2,0
959,1,1
959,2,1
959,3,1
960,1,0
960,2,0
960,3,1
961,1,0
962,1,0
963,1,0
963,2,1
963,3,0
963,4,1
964,1,0
964,2,1
964,3,0
964,4,1
964,5,1
964,6,1
965,1,1
965,2,1
965,3,1
965,4,1
966,1,0
966,2,0
967,1,1
967,2,1
967,3,1
967,4,1
967,5,1
967,6,1
967,7,1
968,1,1
968,2,1
968,3,0
969,1,1
969,2,1
969,3,0
969,4,1
970,1,1
970,2,1
971,1,1
971,2,1
972,1,0
972,2,1
973,1,1
973,2,1
973,3,1
974,1,1
974,2,0
974,3,1
975,1,0
975,2,0
975,3,1
975,4,1
976,1,0
976,2,0
976,3,0
977,1,0
977,2,0
977,3,0
977,4,1
978,1,0
978,2,1
978,3,0
979,1,0
980,1,0
980,2,0
980,3,0
980,4,0
981,1,0
981,2,1
981,3,1
982,1,1
983,1,0
983,2,1
983,3,1
984,1,0
984,2,0
984,3,0
984,4,0
984,5,1
985,1,1
985,2,0
985,3,1
986,1,0
986,2,0
986,3,0
987,1,1
987,2,1
988,1,0
988,2,0
988,3,0
988,4,0
988,5,0
989,1,1
989,2,1
989,3,1
989,4,1
990,1,0
991,1,0
991,2,1
991,3,1
991,4,1
991,5,1
992,1,0
992,2,0
992,3,0
992,4,0
993,1,0
993,2,0
994,1,0
994,2,1
994,3,0
994,4,1
994,5,1
994,6,1
995,1,0
995,2,0
996,1,1
996,2,1
996,3,0
996,4,0
996,5,1
996,6,0
996,7,1
996,8,0
996,9,1
996,10,1
997,1,0
997,2,0
998,1,0
998,2,1
998,3,1
998,4,1
998,5,0
998,6,1
999,1,0
999,2,0
999,3,1
999,4,0
999,5,0
