0,1,0
0,2,0
0,3,1
0,4,0
0,5,1
0,6,1
0,7,1
0,8,1
0,9,1
0,10,1
1,1,1
1,2,0
1,3,0
1,4,1
1,5,0
1,6,1
1,7,0
1,8,1
1,9,1
1,10,0
2,1,0
2,2,0
2,3,1
2,4,0
2,5,1
2,6,1
2,7,1
2,8,1
2,9,1
2,10,1
3,1,0
3,2,0
3,3,1
3,4,0
3,5,0
3,6,1
3,7,1
3,8,0
3,9,1
3,10,1
4,1,1
4,2,1
4,3,1
4,4,1
4,5,1
4,6,1
4,7,1
4,8,0
4,9,1
4,10,1
5,1,0
5,2,0
5,3,0
5,4,0
5,5,1
5,6,0
5,7,1
5,8,1
5,9,1
5,10,1
6,1,0
6,2,0
6,3,1
6,4,1
6,5,0
6,6,0
6,7,1
6,8,1
6,9,1
6,10,1
7,1,0
7,2,1
7,3,1
7,4,1
7,5,1
7,6,1
7,7,1
7,8,1
7,9,1
7,10,1
8,1,1
8,2,1
8,3,1
8,4,1
8,5,1
8,6,1
8,7,1
8,8,1
8,9,1
8,10,1
9,1,0
9,2,0
9,3,0
9,4,1
9,5,1
9,6,0
9,7,0
9,8,1
9,9,0
9,10,1
10,1,0
10,2,1
10,3,0
10,4,0
10,5,0
10,6,1
10,7,1
10,8,1
10,9,1
10,10,1
11,1,1
11,2,1
11,3,1
11,4,1
11,5,1
11,6,0
11,7,1
11,8,1
11,9,1
11,10,0
12,1,1
12,2,1
12,3,1
12,4,1
12,5,1
12,6,1
12,7,1
12,8,1
12,9,1
12,10,1
13,1,0
13,2,1
13,3,1
13,4,0
13,5,1
13,6,1
13,7,1
13,8,0
13,9,1
13,10,1
14,1,1
14,2,1
14,3,1
14,4,1
14,5,1
14,6,1
14,7,0
14,8,1
14,9,1
14,10,1
15,1,1
15,2,1
15,3,1
15,4,1
15,5,1
15,6,1
15,7,1
15,8,1
15,9,1
15,10,1
16,1,1
16,2,0
16,3,1
16,4,0
16,5,0
16,6,1
16,7,0
16,8,1
16,9,1
16,10,1
17,1,1
17,2,1
17,3,1
17,4,1
17,5,1
17,6,1
17,7,1
17,8,0
17,9,1
17,10,1
18,1,0
18,2,0
18,3,1
18,4,0
18,5,1
18,6,1
18,7,1
18,8,1
18,9,1
18,10,1
19,1,0
19,2,0
19,3,0
19,4,1
19,5,0
19,6,1
19,7,1
19,8,1
19,9,1
19,10,1
20,1,0
20,2,0
20,3,0
20,4,1
20,5,1
20,6,0
20,7,1
20,8,1
20,9,1
20,10,1
21,1,1
21,2,1
21,3,1
21,4,0
21,5,1
21,6,1
21,7,0
21,8,1
21,9,0
21,10,1
22,1,1
22,2,1
22,3,1
22,4,1
22,5,1
22,6,1
22,7,1
22,8,1
22,9,0
22,10,1
23,1,0
23,2,0
23,3,1
23,4,1
23,5,1
23,6,1
23,7,1
23,8,1
23,9,1
23,10,1
24,1,0
24,2,0
24,3,0
24,4,0
24,5,0
24,6,1
24,7,1
24,8,1
24,9,1
24,10,1
25,1,1
25,2,1
25,3,1
25,4,1
25,5,1
25,6,1
25,7,1
25,8,1
25,9,1
25,10,1
26,1,0
26,2,0
26,3,0
26,4,1
26,5,0
26,6,0
26,7,1
26,8,1
26,9,1
26,10,1
27,1,0
27,2,0
27,3,0
27,4,0
27,5,1
27,6,0
27,7,1
27,8,1
27,9,1
27,10,1
28,1,0
28,2,1
28,3,0
28,4,0
28,5,0
28,6,1
28,7,1
28,8,1
28,9,0
28,10,1
29,1,1
29,2,1
29,3,1
29,4,1
29,5,1
29,6,1
29,7,1
29,8,1
29,9,1
29,10,1
30,1,1
30,2,1
30,3,1
30,4,1
30,5,1
30,6,1
30,7,1
30,8,0
30,9,1
30,10,1
31,1,0
31,2,0
31,3,1
31,4,0
31,5,1
31,6,1
31,7,0
31,8,1
31,9,1
31,10,1
32,1,0
32,2,1
32,3,1
32,4,0
32,5,1
32,6,0
32,7,1
32,8,1
32,9,1
32,10,1
33,1,0
33,2,1
33,3,0
33,4,1
33,5,1
33,6,1
33,7,1
33,8,1
33,9,1
33,10,1
34,1,1
34,2,1
34,3,1
34,4,1
34,5,1
34,6,1
34,7,1
34,8,1
34,9,1
34,10,0
35,1,0
35,2,0
35,3,0
35,4,1
35,5,0
35,6,1
35,7,1
35,8,1
35,9,1
35,10,1
36,1,1
36,2,1
36,3,1
36,4,1
36,5,0
36,6,1
36,7,1
36,8,1
36,9,1
36,10,1
37,1,0
37,2,1
37,3,1
37,4,0
37,5,1
37,6,0
37,7,1
37,8,1
37,9,0
37,10,1
38,1,0
38,2,0
38,3,0
38,4,0
38,5,1
38,6,1
38,7,1
38,8,1
38,9,1
38,10,1
39,1,1
39,2,1
39,3,1
39,4,1
39,5,1
39,6,1
39,7,1
39,8,0
39,9,1
39,10,1
40,1,1
40,2,1
40,3,1
40,4,1
40,5,1
40,6,1
40,7,1
40,8,1
40,9,1
40,10,1
41,1,1
41,2,0
41,3,0
41,4,1
41,5,0
41,6,1
41,7,1
41,8,1
41,9,1
41,10,1
42,1,0
42,2,0
42,3,0
42,4,0
42,5,1
42,6,1
42,7,1
42,8,0
42,9,1
42,10,1
43,1,0
43,2,0
43,3,1
43,4,1
43,5,1
43,6,1
43,7,1
43,8,0
43,9,1
43,10,1
44,1,1
44,2,1
44,3,1
44,4,1
44,5,1
44,6,1
44,7,0
44,8,1
44,9,1
44,10,1
45,1,0
45,2,1
45,3,0
45,4,0
45,5,1
45,6,1
45,7,1
45,8,1
45,9,0
45,10,1
46,1,1
46,2,1
46,3,1
46,4,1
46,5,1
46,6,1
46,7,1
46,8,1
46,9,1
46,10,1
47,1,1
47,2,1
47,3,0
47,4,0
47,5,0
47,6,1
47,7,1
47,8,1
47,9,1
47,10,1
48,1,0
48,2,1
48,3,0
48,4,1
48,5,1
48,6,1
48,7,0
48,8,1
48,9,1
48,10,1
49,1,0
49,2,1
49,3,0
49,4,1
49,5,1
49,6,1
49,7,1
49,8,1
49,9,1
49,10,1
50,1,0
50,2,0
50,3,0
50,4,0
50,5,1
50,6,1
50,7,0
50,8,1
50,9,1
50,10,1
51,1,0
51,2,1
51,3,0
51,4,1
51,5,0
51,6,1
51,7,1
51,8,0
51,9,1
51,10,1
52,1,1
52,2,1
52,3,1
52,4,0
52,5,1
52,6,1
52,7,1
52,8,1
52,9,1
52,10,0
53,1,0
53,2,0
53,3,1
53,4,1
53,5,1
53,6,1
53,7,0
53,8,1
53,9,1
53,10,1
54,1,0
54,2,0
54,3,0
54,4,0
54,5,0
54,6,1
54,7,1
54,8,1
54,9,1
54,10,1
55,1,0
55,2,0
55,3,0
55,4,1
55,5,1
55,6,1
55,7,1
55,8,1
55,9,1
55,10,1
56,1,0
56,2,0
56,3,0
56,4,1
56,5,1
56,6,1
56,7,1
56,8,0
56,9,0
56,10,1
57,1,1
57,2,1
57,3,1
57,4,1
57,5,1
57,6,1
57,7,1
57,8,1
57,9,1
57,10,0
58,1,1
58,2,1
58,3,1
58,4,1
58,5,1
58,6,1
58,7,1
58,8,0
58,9,1
58,10,1
59,1,0
59,2,1
59,3,1
59,4,1
59,5,1
59,6,1
59,7,1
59,8,1
59,9,1
59,10,1
60,1,0
60,2,0
60,3,1
60,4,0
60,5,0
60,6,0
60,7,1
60,8,1
60,9,1
60,10,1
61,1,0
61,2,1
61,3,0
61,4,0
61,5,0
61,6,0
61,7,0
61,8,1
61,9,0
61,10,1
62,1,1
62,2,0
62,3,0
62,4,1
62,5,1
62,6,0
62,7,1
62,8,1
62,9,1
62,10,1
63,1,0
63,2,0
63,3,0
63,4,1
63,5,0
63,6,1
63,7,1
63,8,1
63,9,1
63,10,1
64,1,1
64,2,1
64,3,1
64,4,0
64,5,1
64,6,1
64,7,1
64,8,0
64,9,1
64,10,1
65,1,0
65,2,0
65,3,0
65,4,1
65,5,0
65,6,1
65,7,1
65,8,1
65,9,1
65,10,1
66,1,1
66,2,0
66,3,1
66,4,0
66,5,1
66,6,1
66,7,1
66,8,1
66,9,1
66,10,1
67,1,0
67,2,0
67,3,1
67,4,1
67,5,0
67,6,1
67,7,1
67,8,1
67,9,1
67,10,0
68,1,0
68,2,0
68,3,1
68,4,1
68,5,1
68,6,1
68,7,0
68,8,1
68,9,1
68,10,1
69,1,1
69,2,1
69,3,1
69,4,1
69,5,1
69,6,1
69,7,1
69,8,1
69,9,1
69,10,1
70,1,0
70,2,1
70,3,0
70,4,1
70,5,1
70,6,1
70,7,1
70,8,1
70,9,1
70,10,1
71,1,0
71,2,0
71,3,0
71,4,1
71,5,1
71,6,0
71,7,1
71,8,1
71,9,1
71,10,1
72,1,1
72,2,1
72,3,1
72,4,1
72,5,1
72,6,1
72,7,1
72,8,1
72,9,1
72,10,1
73,1,1
73,2,0
73,3,1
73,4,1
73,5,1
73,6,1
73,7,1
73,8,1
73,9,1
73,10,1
74,1,0
74,2,0
74,3,1
74,4,1
74,5,1
74,6,1
74,7,0
74,8,0
74,9,1
74,10,1
75,1,0
75,2,0
75,3,1
75,4,1
75,5,1
75,6,0
75,7,1
75,8,1
75,9,1
75,10,1
76,1,0
76,2,0
76,3,1
76,4,1
76,5,0
76,6,1
76,7,1
76,8,1
76,9,1
76,10,1
77,1,1
77,2,0
77,3,1
77,4,1
77,5,1
77,6,1
77,7,1
77,8,1
77,9,1
77,10,0
78,1,1
78,2,1
78,3,1
78,4,1
78,5,1
78,6,1
78,7,1
78,8,1
78,9,1
78,10,1
79,1,0
79,2,1
79,3,1
79,4,0
79,5,1
79,6,1
79,7,1
79,8,1
79,9,1
79,10,0
80,1,0
80,2,1
80,3,1
80,4,0
80,5,1
80,6,1
80,7,1
80,8,1
80,9,1
80,10,1
81,1,1
81,2,0
81,3,1
81,4,1
81,5,1
81,6,1
81,7,1
81,8,1
81,9,1
81,10,1
82,1,1
82,2,1
82,3,0
82,4,1
82,5,1
82,6,1
82,7,1
82,8,1
82,9,0
82,10,1
83,1,1
83,2,1
83,3,0
83,4,1
83,5,1
83,6,0
83,7,1
83,8,1
83,9,1
83,10,0
84,1,0
84,2,1
84,3,0
84,4,1
84,5,0
84,6,1
84,7,1
84,8,0
84,9,1
84,10,1
85,1,0
85,2,0
85,3,1
85,4,1
85,5,0
85,6,1
85,7,1
85,8,1
85,9,1
85,10,1
86,1,1
86,2,0
86,3,1
86,4,1
86,5,1
86,6,1
86,7,1
86,8,0
86,9,1
86,10,1
87,1,1
87,2,0
87,3,0
87,4,1
87,5,0
87,6,1
87,7,1
87,8,1
87,9,1
87,10,1
88,1,0
88,2,0
88,3,0
88,4,0
88,5,0
88,6,0
88,7,0
88,8,1
88,9,1
88,10,1
89,1,1
89,2,1
89,3,1
89,4,1
89,5,1
89,6,1
89,7,1
89,8,1
89,9,1
89,10,1
90,1,0
90,2,1
90,3,0
90,4,1
90,5,0
90,6,1
90,7,1
90,8,0
90,9,1
90,10,1
91,1,0
91,2,1
91,3,0
91,4,1
91,5,0
91,6,1
91,7,1
91,8,1
91,9,0
91,10,1
92,1,1
92,2,1
92,3,0
92,4,1
92,5,1
92,6,1
92,7,1
92,8,0
92,9,1
92,10,1
93,1,0
93,2,0
93,3,0
93,4,1
93,5,1
93,6,1
93,7,0
93,8,1
93,9,1
93,10,1
94,1,0
94,2,0
94,3,0
94,4,0
94,5,1
94,6,0
94,7,0
94,8,1
94,9,1
94,10,1
95,1,1
95,2,0
95,3,0
95,4,1
95,5,0
95,6,1
95,7,1
95,8,1
95,9,1
95,10,1
96,1,0
96,2,0
96,3,0
96,4,0
96,5,0
96,6,0
96,7,1
96,8,1
96,9,1
96,10,1
97,1,0
97,2,0
97,3,1
97,4,1
97,5,0
97,6,0
97,7,1
97,8,0
97,9,1
97,10,1
98,1,0
98,2,0
98,3,1
98,4,0
98,5,1
98,6,1
98,7,1
98,8,0
98,9,1
98,10,1
99,1,1
99,2,1
99,3,1
99,4,1
99,5,1
99,6,1
99,7,1
99,8,1
99,9,1
99,10,1
100,1,1
100,2,0
100,3,1
100,4,0
100,5,1
100,6,1
100,7,1
100,8,1
100,9,1
100,10,1
101,1,0
101,2,0
101,3,1
101,4,0
101,5,1
101,6,1
101,7,1
101,8,1
101,9,1
101,10,1
102,1,0
102,2,1
102,3,1
102,4,0
102,5,0
102,6,1
102,7,1
102,8,1
102,9,1
102,10,1
103,1,1
103,2,1
103,3,1
103,4,1
103,5,1
103,6,1
103,7,1
103,8,1
103,9,1
103,10,1
104,1,1
104,2,1
104,3,1
104,4,1
104,5,0
104,6,1
104,7,0
104,8,1
104,9,1
104,10,1
105,1,1
105,2,1
105,3,0
105,4,1
105,5,0
105,6,1
105,7,1
105,8,1
105,9,1
105,10,1
106,1,1
106,2,1
106,3,1
106,4,1
106,5,1
106,6,1
106,7,1
106,8,1
106,9,0
106,10,1
107,1,1
107,2,0
107,3,1
107,4,1
107,5,1
107,6,1
107,7,0
107,8,1
107,9,1
107,10,1
108,1,1
108,2,0
108,3,0
108,4,1
108,5,1
108,6,1
108,7,1
108,8,1
108,9,1
108,10,1
109,1,0
109,2,0
109,3,0
109,4,1
109,5,0
109,6,1
109,7,1
109,8,1
109,9,1
109,10,1
110,1,0
110,2,1
110,3,0
110,4,0
110,5,0
110,6,1
110,7,0
110,8,1
110,9,1
110,10,1
111,1,1
111,2,1
111,3,1
111,4,1
111,5,1
111,6,1
111,7,1
111,8,1
111,9,0
111,10,1
112,1,0
112,2,1
112,3,0
112,4,1
112,5,0
112,6,1
112,7,0
112,8,1
112,9,1
112,10,0
113,1,1
113,2,0
113,3,1
113,4,1
113,5,0
113,6,1
113,7,1
113,8,0
113,9,1
113,10,1
114,1,1
114,2,0
114,3,1
114,4,1
114,5,1
114,6,1
114,7,1
114,8,1
114,9,1
114,10,1
115,1,1
115,2,1
115,3,1
115,4,1
115,5,1
115,6,1
115,7,1
115,8,1
115,9,1
115,10,1
116,1,0
116,2,0
116,3,0
116,4,1
116,5,1
116,6,1
116,7,1
116,8,1
116,9,0
116,10,1
117,1,1
117,2,1
117,3,1
117,4,1
117,5,1
117,6,1
117,7,1
117,8,1
117,9,1
117,10,1
118,1,0
118,2,0
118,3,1
118,4,0
118,5,0
118,6,1
118,7,1
118,8,1
118,9,1
118,10,1
119,1,0
119,2,0
119,3,0
119,4,1
119,5,1
119,6,1
119,7,1
119,8,1
119,9,1
119,10,1
120,1,0
120,2,0
120,3,1
120,4,0
120,5,1
120,6,1
120,7,1
120,8,1
120,9,1
120,10,1
121,1,0
121,2,0
121,3,1
121,4,0
121,5,1
121,6,1
121,7,0
121,8,0
121,9,1
121,10,0
122,1,1
122,2,1
122,3,1
122,4,1
122,5,1
122,6,1
122,7,1
122,8,1
122,9,1
122,10,1
123,1,0
123,2,0
123,3,1
123,4,1
123,5,1
123,6,1
123,7,1
123,8,0
123,9,1
123,10,1
124,1,0
124,2,0
124,3,1
124,4,0
124,5,1
124,6,1
124,7,1
124,8,1
124,9,1
124,10,0
125,1,1
125,2,1
125,3,1
125,4,0
125,5,1
125,6,1
125,7,1
125,8,1
125,9,1
125,10,1
126,1,0
126,2,0
126,3,0
126,4,1
126,5,0
126,6,1
126,7,0
126,8,1
126,9,1
126,10,1
127,1,0
127,2,0
127,3,0
127,4,0
127,5,1
127,6,1
127,7,1
127,8,1
127,9,0
127,10,0
128,1,0
128,2,0
128,3,0
128,4,0
128,5,0
128,6,1
128,7,1
128,8,1
128,9,1
128,10,1
129,1,1
129,2,1
129,3,1
129,4,1
129,5,1
129,6,1
129,7,1
129,8,1
129,9,1
129,10,1
130,1,1
130,2,1
130,3,1
130,4,1
130,5,1
130,6,1
130,7,1
130,8,1
130,9,1
130,10,1
131,1,0
131,2,0
131,3,0
131,4,0
131,5,0
131,6,1
131,7,1
131,8,1
131,9,1
131,10,0
132,1,0
132,2,0
132,3,1
132,4,1
132,5,0
132,6,0
132,7,1
132,8,1
132,9,1
132,10,1
133,1,1
133,2,0
133,3,0
133,4,0
133,5,1
133,6,1
133,7,0
133,8,1
133,9,1
133,10,1
134,1,1
134,2,0
134,3,0
134,4,0
134,5,1
134,6,0
134,7,1
134,8,1
134,9,1
134,10,1
135,1,1
135,2,0
135,3,1
135,4,1
135,5,1
135,6,1
135,7,1
135,8,0
135,9,1
135,10,1
136,1,0
136,2,0
136,3,0
136,4,1
136,5,1
136,6,0
136,7,1
136,8,1
136,9,1
136,10,1
137,1,0
137,2,1
137,3,0
137,4,0
137,5,1
137,6,1
137,7,1
137,8,1
137,9,0
137,10,1
138,1,1
138,2,1
138,3,1
138,4,0
138,5,1
138,6,1
138,7,1
138,8,1
138,9,1
138,10,1
139,1,0
139,2,0
139,3,1
139,4,1
139,5,1
139,6,1
139,7,0
139,8,1
139,9,1
139,10,1
140,1,0
140,2,0
140,3,0
140,4,1
140,5,1
140,6,0
140,7,0
140,8,1
140,9,0
140,10,1
141,1,0
141,2,0
141,3,1
141,4,0
141,5,0
141,6,1
141,7,1
141,8,1
141,9,1
141,10,1
142,1,0
142,2,0
142,3,1
142,4,0
142,5,1
142,6,1
142,7,1
142,8,0
142,9,1
142,10,1
143,1,1
143,2,1
143,3,1
143,4,1
143,5,1
143,6,1
143,7,1
143,8,1
143,9,1
143,10,1
144,1,1
144,2,1
144,3,1
144,4,1
144,5,1
144,6,1
144,7,1
144,8,1
144,9,0
144,10,1
145,1,0
145,2,0
145,3,0
145,4,0
145,5,0
145,6,1
145,7,0
145,8,1
145,9,1
145,10,1
146,1,0
146,2,0
146,3,0
146,4,0
146,5,0
146,6,0
146,7,1
146,8,0
146,9,1
146,10,1
147,1,1
147,2,1
147,3,1
147,4,1
147,5,1
147,6,1
147,7,1
147,8,1
147,9,1
147,10,1
148,1,1
148,2,0
148,3,1
148,4,1
148,5,1
148,6,1
148,7,1
148,8,1
148,9,1
148,10,1
149,1,1
149,2,0
149,3,1
149,4,1
149,5,1
149,6,1
149,7,1
149,8,1
149,9,1
149,10,1
150,1,1
150,2,1
150,3,0
150,4,1
150,5,1
150,6,1
150,7,1
150,8,1
150,9,1
150,10,1
151,1,1
151,2,0
151,3,1
151,4,1
151,5,1
151,6,1
151,7,0
151,8,1
151,9,1
151,10,1
152,1,0
152,2,0
152,3,1
152,4,0
152,5,1
152,6,1
152,7,1
152,8,1
152,9,1
152,10,1
153,1,1
153,2,0
153,3,0
153,4,0
153,5,0
153,6,1
153,7,1
153,8,1
153,9,1
153,10,1
154,1,0
154,2,0
154,3,0
154,4,1
154,5,1
154,6,1
154,7,1
154,8,1
154,9,1
154,10,1
155,1,0
155,2,0
155,3,0
155,4,0
155,5,1
155,6,1
155,7,1
155,8,1
155,9,1
155,10,1
156,1,0
156,2,1
156,3,1
156,4,1
156,5,1
156,6,1
156,7,1
156,8,1
156,9,1
156,10,1
157,1,0
157,2,0
157,3,0
157,4,1
157,5,1
157,6,1
157,7,1
157,8,1
157,9,1
157,10,1
158,1,1
158,2,1
158,3,1
158,4,1
158,5,0
158,6,0
158,7,1
158,8,0
158,9,1
158,10,1
159,1,0
159,2,0
159,3,0
159,4,0
159,5,0
159,6,1
159,7,1
159,8,0
159,9,0
159,10,1
160,1,1
160,2,1
160,3,1
160,4,1
160,5,1
160,6,1
160,7,1
160,8,1
160,9,1
160,10,1
161,1,0
161,2,0
161,3,0
161,4,1
161,5,0
161,6,1
161,7,1
161,8,1
161,9,1
161,10,1
162,1,0
162,2,0
162,3,1
162,4,1
162,5,1
162,6,0
162,7,0
162,8,1
162,9,1
162,10,0
163,1,0
163,2,1
163,3,1
163,4,1
163,5,0
163,6,1
163,7,1
163,8,1
163,9,1
163,10,1
164,1,0
164,2,0
164,3,1
164,4,1
164,5,0
164,6,1
164,7,1
164,8,1
164,9,1
164,10,1
165,1,1
165,2,0
165,3,1
165,4,1
165,5,1
165,6,1
165,7,1
165,8,1
165,9,1
165,10,0
166,1,0
166,2,1
166,3,0
166,4,1
166,5,1
166,6,0
166,7,0
166,8,1
166,9,1
166,10,1
167,1,1
167,2,1
167,3,1
167,4,1
167,5,1
167,6,1
167,7,1
167,8,1
167,9,1
167,10,1
168,1,1
168,2,0
168,3,1
168,4,0
168,5,1
168,6,0
168,7,0
168,8,1
168,9,1
168,10,0
169,1,0
169,2,0
169,3,0
169,4,0
169,5,0
169,6,1
169,7,1
169,8,1
169,9,1
169,10,1
170,1,0
170,2,0
170,3,0
170,4,1
170,5,1
170,6,1
170,7,1
170,8,1
170,9,1
170,10,1
171,1,0
171,2,1
171,3,0
171,4,0
171,5,0
171,6,0
171,7,1
171,8,1
171,9,1
171,10,1
172,1,1
172,2,1
172,3,1
172,4,1
172,5,1
172,6,1
172,7,1
172,8,1
172,9,1
172,10,1
173,1,1
173,2,1
173,3,0
173,4,1
173,5,0
173,6,1
173,7,0
173,8,1
173,9,1
173,10,1
174,1,0
174,2,1
174,3,0
174,4,0
174,5,0
174,6,0
174,7,1
174,8,0
174,9,1
174,10,1
175,1,0
175,2,0
175,3,0
175,4,0
175,5,1
175,6,1
175,7,1
175,8,1
175,9,1
175,10,1
176,1,0
176,2,1
176,3,0
176,4,1
176,5,1
176,6,1
176,7,1
176,8,0
176,9,1
176,10,1
177,1,1
177,2,1
177,3,1
177,4,1
177,5,1
177,6,1
177,7,1
177,8,1
177,9,1
177,10,1
178,1,0
178,2,0
178,3,1
178,4,1
178,5,1
178,6,1
178,7,1
178,8,1
178,9,1
178,10,1
179,1,1
179,2,1
179,3,1
179,4,1
179,5,1
179,6,1
179,7,1
179,8,1
179,9,1
179,10,1
180,1,0
180,2,0
180,3,1
180,4,0
180,5,0
180,6,0
180,7,1
180,8,1
180,9,1
180,10,1
181,1,0
181,2,1
181,3,1
181,4,0
181,5,1
181,6,1
181,7,1
181,8,0
181,9,1
181,10,1
182,1,1
182,2,1
182,3,1
182,4,1
182,5,1
182,6,1
182,7,1
182,8,1
182,9,1
182,10,1
183,1,0
183,2,0
183,3,1
183,4,0
183,5,1
183,6,0
183,7,1
183,8,1
183,9,1
183,10,1
184,1,0
184,2,1
184,3,1
184,4,1
184,5,0
184,6,1
184,7,0
184,8,1
184,9,1
184,10,1
185,1,0
185,2,1
185,3,0
185,4,0
185,5,1
185,6,1
185,7,1
185,8,0
185,9,1
185,10,1
186,1,0
186,2,0
186,3,1
186,4,0
186,5,0
186,6,1
186,7,1
186,8,1
186,9,1
186,10,1
187,1,0
187,2,1
187,3,0
187,4,1
187,5,1
187,6,1
187,7,1
187,8,1
187,9,1
187,10,1
188,1,1
188,2,0
188,3,0
188,4,0
188,5,1
188,6,0
188,7,1
188,8,1
188,9,1
188,10,1
189,1,0
189,2,0
189,3,1
189,4,0
189,5,1
189,6,1
189,7,1
189,8,1
189,9,0
189,10,0
190,1,0
190,2,1
190,3,0
190,4,1
190,5,0
190,6,0
190,7,1
190,8,0
190,9,1
190,10,1
191,1,0
191,2,1
191,3,1
191,4,1
191,5,1
191,6,1
191,7,1
191,8,1
191,9,1
191,10,1
192,1,0
192,2,1
192,3,0
192,4,1
192,5,0
192,6,1
192,7,1
192,8,0
192,9,1
192,10,1
193,1,1
193,2,1
193,3,1
193,4,1
193,5,1
193,6,1
193,7,1
193,8,1
193,9,1
193,10,0
194,1,0
194,2,0
194,3,1
194,4,1
194,5,1
194,6,0
194,7,1
194,8,1
194,9,1
194,10,1
195,1,0
195,2,1
195,3,1
195,4,1
195,5,1
195,6,0
195,7,1
195,8,1
195,9,1
195,10,1
196,1,0
196,2,0
196,3,0
196,4,1
196,5,1
196,6,0
196,7,1
196,8,0
196,9,1
196,10,1
197,1,0
197,2,0
197,3,0
197,4,0
197,5,1
197,6,0
197,7,1
197,8,1
197,9,1
197,10,1
198,1,0
198,2,1
198,3,0
198,4,0
198,5,0
198,6,0
198,7,1
198,8,1
198,9,1
198,10,1
199,1,1
199,2,1
199,3,1
199,4,1
199,5,0
199,6,0
199,7,1
199,8,1
199,9,1
199,10,1
200,1,0
200,2,1
200,3,1
200,4,1
200,5,1
200,6,0
200,7,0
200,8,1
200,9,1
200,10,1
201,1,0
201,2,1
201,3,0
201,4,1
201,5,1
201,6,1
201,7,1
201,8,0
201,9,0
201,10,1
202,1,0
202,2,0
202,3,1
202,4,1
202,5,1
202,6,1
202,7,1
202,8,1
202,9,1
202,10,1
203,1,1
203,2,1
203,3,1
203,4,0
203,5,0
203,6,1
203,7,0
203,8,1
203,9,0
203,10,1
204,1,0
204,2,0
204,3,0
204,4,0
204,5,0
204,6,1
204,7,1
204,8,1
204,9,1
204,10,1
205,1,1
205,2,1
205,3,1
205,4,1
205,5,1
205,6,0
205,7,1
205,8,1
205,9,1
205,10,1
206,1,0
206,2,0
206,3,1
206,4,0
206,5,1
206,6,1
206,7,1
206,8,0
206,9,0
206,10,1
207,1,1
207,2,1
207,3,1
207,4,1
207,5,1
207,6,1
207,7,1
207,8,1
207,9,0
207,10,1
208,1,0
208,2,1
208,3,0
208,4,0
208,5,1
208,6,1
208,7,1
208,8,1
208,9,0
208,10,1
209,1,0
209,2,0
209,3,1
209,4,1
209,5,0
209,6,1
209,7,1
209,8,1
209,9,0
209,10,0
210,1,1
210,2,1
210,3,1
210,4,1
210,5,1
210,6,1
210,7,1
210,8,0
210,9,1
210,10,1
211,1,1
211,2,0
211,3,0
211,4,1
211,5,1
211,6,1
211,7,1
211,8,1
211,9,1
211,10,1
212,1,1
212,2,1
212,3,0
212,4,0
212,5,0
212,6,1
212,7,1
212,8,1
212,9,1
212,10,1
213,1,0
213,2,0
213,3,0
213,4,1
213,5,0
213,6,1
213,7,1
213,8,0
213,9,1
213,10,1
214,1,0
214,2,0
214,3,0
214,4,1
214,5,1
214,6,1
214,7,0
214,8,1
214,9,1
214,10,1
215,1,0
215,2,1
215,3,0
215,4,1
215,5,1
215,6,1
215,7,1
215,8,1
215,9,1
215,10,1
216,1,0
216,2,0
216,3,0
216,4,0
216,5,1
216,6,1
216,7,0
216,8,1
216,9,1
216,10,1
217,1,0
217,2,0
217,3,0
217,4,1
217,5,0
217,6,1
217,7,1
217,8,0
217,9,1
217,10,1
218,1,0
218,2,1
218,3,1
218,4,0
218,5,1
218,6,0
218,7,1
218,8,1
218,9,1
218,10,1
219,1,0
219,2,0
219,3,0
219,4,0
219,5,0
219,6,0
219,7,0
219,8,1
219,9,1
219,10,1
220,1,0
220,2,1
220,3,0
220,4,1
220,5,0
220,6,0
220,7,0
220,8,1
220,9,1
220,10,1
221,1,0
221,2,1
221,3,1
221,4,1
221,5,0
221,6,1
221,7,1
221,8,1
221,9,1
221,10,1
222,1,0
222,2,1
222,3,0
222,4,0
222,5,1
222,6,1
222,7,1
222,8,1
222,9,1
222,10,1
223,1,1
223,2,1
223,3,1
223,4,0
223,5,0
223,6,1
223,7,1
223,8,1
223,9,1
223,10,1
224,1,1
224,2,1
224,3,1
224,4,1
224,5,1
224,6,1
224,7,1
224,8,1
224,9,1
224,10,1
225,1,0
225,2,0
225,3,0
225,4,0
225,5,0
225,6,0
225,7,1
225,8,1
225,9,1
225,10,1
226,1,1
226,2,1
226,3,1
226,4,1
226,5,1
226,6,1
226,7,1
226,8,1
226,9,1
226,10,1
227,1,0
227,2,0
227,3,1
227,4,1
227,5,0
227,6,0
227,7,0
227,8,1
227,9,1
227,10,0
228,1,0
228,2,1
228,3,1
228,4,1
228,5,0
228,6,1
228,7,1
228,8,1
228,9,1
228,10,1
229,1,0
229,2,1
229,3,1
229,4,1
229,5,1
229,6,1
229,7,1
229,8,0
229,9,1
229,10,0
230,1,0
230,2,1
230,3,1
230,4,1
230,5,1
230,6,0
230,7,1
230,8,1
230,9,1
230,10,1
231,1,0
231,2,0
231,3,0
231,4,0
231,5,0
231,6,1
231,7,1
231,8,0
231,9,1
231,10,1
232,1,1
232,2,0
232,3,1
232,4,1
232,5,1
232,6,1
232,7,1
232,8,1
232,9,1
232,10,1
233,1,1
233,2,1
233,3,1
233,4,1
233,5,1
233,6,1
233,7,1
233,8,1
233,9,0
233,10,1
234,1,0
234,2,0
234,3,0
234,4,0
234,5,1
234,6,1
234,7,1
234,8,1
234,9,0
234,10,1
235,1,1
235,2,0
235,3,0
235,4,0
235,5,1
235,6,0
235,7,1
235,8,1
235,9,1
235,10,1
236,1,0
236,2,1
236,3,1
236,4,0
236,5,1
236,6,0
236,7,0
236,8,1
236,9,0
236,10,1
237,1,1
237,2,1
237,3,1
237,4,1
237,5,1
237,6,1
237,7,1
237,8,1
237,9,1
237,10,1
238,1,1
238,2,1
238,3,1
238,4,1
238,5,1
238,6,1
238,7,1
238,8,1
238,9,1
238,10,1
239,1,1
239,2,1
239,3,1
239,4,0
239,5,1
239,6,0
239,7,1
239,8,0
239,9,0
239,10,1
240,1,0
240,2,0
240,3,1
240,4,0
240,5,0
240,6,1
240,7,0
240,8,1
240,9,0
240,10,1
241,1,0
241,2,0
241,3,1
241,4,0
241,5,1
241,6,1
241,7,0
241,8,0
241,9,1
241,10,0
242,1,0
242,2,0
242,3,1
242,4,1
242,5,1
242,6,1
242,7,1
242,8,1
242,9,1
242,10,1
243,1,0
243,2,0
243,3,0
243,4,1
243,5,0
243,6,1
243,7,1
243,8,1
243,9,1
243,10,1
244,1,0
244,2,0
244,3,1
244,4,0
244,5,1
244,6,0
244,7,1
244,8,1
244,9,1
244,10,1
245,1,1
245,2,1
245,3,1
245,4,1
245,5,1
245,6,1
245,7,1
245,8,0
245,9,1
245,10,1
246,1,1
246,2,1
246,3,1
246,4,1
246,5,1
246,6,1
246,7,1
246,8,1
246,9,1
246,10,1
247,1,1
247,2,0
247,3,1
247,4,1
247,5,0
247,6,1
247,7,1
247,8,1
247,9,1
247,10,1
248,1,0
248,2,0
248,3,0
248,4,0
248,5,0
248,6,1
248,7,0
248,8,0
248,9,1
248,10,1
249,1,0
249,2,1
249,3,0
249,4,1
249,5,0
249,6,1
249,7,1
249,8,0
249,9,1
249,10,1
250,1,0
250,2,1
250,3,0
250,4,1
250,5,1
250,6,1
250,7,1
250,8,1
250,9,1
250,10,1
251,1,0
251,2,0
251,3,0
251,4,0
251,5,0
251,6,0
251,7,1
251,8,1
251,9,1
251,10,1
252,1,1
252,2,1
252,3,1
252,4,1
252,5,1
252,6,1
252,7,1
252,8,1
252,9,1
252,10,1
253,1,0
253,2,1
253,3,0
253,4,1
253,5,1
253,6,1
253,7,1
253,8,1
253,9,1
253,10,1
254,1,1
254,2,1
254,3,1
254,4,1
254,5,1
254,6,1
254,7,1
254,8,1
254,9,0
254,10,1
255,1,1
255,2,1
255,3,1
255,4,1
255,5,1
255,6,1
255,7,1
255,8,1
255,9,1
255,10,1
256,1,0
256,2,1
256,3,0
256,4,0
256,5,0
256,6,1
256,7,0
256,8,1
256,9,1
256,10,1
257,1,0
257,2,0
257,3,0
257,4,0
257,5,0
257,6,1
257,7,1
257,8,0
257,9,1
257,10,1
258,1,0
258,2,0
258,3,0
258,4,0
258,5,0
258,6,1
258,7,1
258,8,1
258,9,1
258,10,1
259,1,0
259,2,1
259,3,1
259,4,1
259,5,1
259,6,0
259,7,1
259,8,1
259,9,1
259,10,1
260,1,0
260,2,1
260,3,0
260,4,0
260,5,0
260,6,1
260,7,0
260,8,1
260,9,0
260,10,1
261,1,0
261,2,0
261,3,1
261,4,1
261,5,0
261,6,1
261,7,1
261,8,1
261,9,0
261,10,1
262,1,0
262,2,0
262,3,1
262,4,1
262,5,1
262,6,1
262,7,1
262,8,1
262,9,1
262,10,1
263,1,0
263,2,0
263,3,1
263,4,1
263,5,0
263,6,1
263,7,1
263,8,1
263,9,1
263,10,1
264,1,0
264,2,1
264,3,1
264,4,1
264,5,0
264,6,1
264,7,1
264,8,1
264,9,1
264,10,1
265,1,0
265,2,0
265,3,0
265,4,0
265,5,1
265,6,1
265,7,1
265,8,0
265,9,0
265,10,1
266,1,0
266,2,0
266,3,0
266,4,0
266,5,0
266,6,1
266,7,0
266,8,0
266,9,0
266,10,1
267,1,0
267,2,1
267,3,1
267,4,1
267,5,1
267,6,1
267,7,1
267,8,1
267,9,1
267,10,1
268,1,0
268,2,1
268,3,1
268,4,1
268,5,1
268,6,1
268,7,1
268,8,1
268,9,1
268,10,1
269,1,0
269,2,1
269,3,0
269,4,1
269,5,0
269,6,1
269,7,1
269,8,1
269,9,1
269,10,1
270,1,1
270,2,0
270,3,0
270,4,0
270,5,1
270,6,1
270,7,1
270,8,1
270,9,1
270,10,1
271,1,1
271,2,1
271,3,1
271,4,0
271,5,1
271,6,0
271,7,1
271,8,1
271,9,1
271,10,1
272,1,0
272,2,1
272,3,1
272,4,0
272,5,1
272,6,1
272,7,1
272,8,1
272,9,1
272,10,1
273,1,1
273,2,0
273,3,1
273,4,0
273,5,0
273,6,1
273,7,1
273,8,1
273,9,0
273,10,1
274,1,0
274,2,1
274,3,0
274,4,1
274,5,0
274,6,0
274,7,1
274,8,1
274,9,1
274,10,1
275,1,0
275,2,0
275,3,0
275,4,1
275,5,0
275,6,1
275,7,1
275,8,1
275,9,1
275,10,1
276,1,1
276,2,0
276,3,1
276,4,1
276,5,1
276,6,1
276,7,1
276,8,1
276,9,1
276,10,1
277,1,0
277,2,1
277,3,1
277,4,0
277,5,1
277,6,1
277,7,1
277,8,1
277,9,1
277,10,1
278,1,0
278,2,1
278,3,1
278,4,0
278,5,0
278,6,1
278,7,0
278,8,1
278,9,1
278,10,1
279,1,1
279,2,1
279,3,1
279,4,1
279,5,1
279,6,1
279,7,1
279,8,1
279,9,1
279,10,1
280,1,0
280,2,1
280,3,0
280,4,0
280,5,0
280,6,0
280,7,0
280,8,1
280,9,1
280,10,1
281,1,1
281,2,0
281,3,1
281,4,1
281,5,1
281,6,0
281,7,1
281,8,1
281,9,1
281,10,1
282,1,0
282,2,0
282,3,1
282,4,0
282,5,1
282,6,1
282,7,1
282,8,1
282,9,0
282,10,1
283,1,0
283,2,0
283,3,1
283,4,1
283,5,0
283,6,1
283,7,1
283,8,1
283,9,0
283,10,1
284,1,0
284,2,0
284,3,0
284,4,0
284,5,1
284,6,0
284,7,0
284,8,1
284,9,1
284,10,1
285,1,1
285,2,1
285,3,1
285,4,1
285,5,1
285,6,1
285,7,1
285,8,0
285,9,1
285,10,1
286,1,0
286,2,0
286,3,0
286,4,0
286,5,1
286,6,1
286,7,1
286,8,1
286,9,1
286,10,1
287,1,0
287,2,0
287,3,0
287,4,1
287,5,1
287,6,0
287,7,1
287,8,0
287,9,0
287,10,1
288,1,0
288,2,1
288,3,1
288,4,0
288,5,1
288,6,0
288,7,1
288,8,1
288,9,1
288,10,1
289,1,0
289,2,0
289,3,0
289,4,1
289,5,1
289,6,1
289,7,1
289,8,1
289,9,0
289,10,1
290,1,1
290,2,0
290,3,1
290,4,1
290,5,1
290,6,1
290,7,0
290,8,1
290,9,1
290,10,1
291,1,0
291,2,0
291,3,1
291,4,1
291,5,1
291,6,1
291,7,0
291,8,1
291,9,1
291,10,1
292,1,0
292,2,0
292,3,0
292,4,0
292,5,1
292,6,0
292,7,0
292,8,1
292,9,1
292,10,1
293,1,1
293,2,1
293,3,1
293,4,1
293,5,1
293,6,1
293,7,1
293,8,1
293,9,1
293,10,1
294,1,0
294,2,0
294,3,0
294,4,0
294,5,0
294,6,1
294,7,0
294,8,1
294,9,1
294,10,1
295,1,0
295,2,0
295,3,1
295,4,0
295,5,0
295,6,1
295,7,1
295,8,0
295,9,1
295,10,1
296,1,1
296,2,1
296,3,1
296,4,1
296,5,1
296,6,1
296,7,1
296,8,1
296,9,1
296,10,1
297,1,0
297,2,1
297,3,1
297,4,0
297,5,1
297,6,0
297,7,1
297,8,1
297,9,0
297,10,1
298,1,0
298,2,0
298,3,0
298,4,0
298,5,0
298,6,1
298,7,1
298,8,1
298,9,1
298,10,1
299,1,0
299,2,0
299,3,0
299,4,0
299,5,1
299,6,0
299,7,0
299,8,1
299,9,1
299,10,1
300,1,1
300,2,1
300,3,1
300,4,1
300,5,1
300,6,1
300,7,1
300,8,0
300,9,1
300,10,1
301,1,0
301,2,0
301,3,0
301,4,0
301,5,1
301,6,1
301,7,1
301,8,1
301,9,1
301,10,1
302,1,0
302,2,1
302,3,0
302,4,1
302,5,0
302,6,1
302,7,1
302,8,1
302,9,1
302,10,1
303,1,0
303,2,0
303,3,0
303,4,0
303,5,1
303,6,1
303,7,1
303,8,1
303,9,1
303,10,1
304,1,0
304,2,1
304,3,1
304,4,0
304,5,1
304,6,0
304,7,1
304,8,1
304,9,1
304,10,1
305,1,1
305,2,1
305,3,1
305,4,1
305,5,1
305,6,1
305,7,1
305,8,1
305,9,1
305,10,1
306,1,0
306,2,1
306,3,1
306,4,0
306,5,0
306,6,0
306,7,0
306,8,1
306,9,1
306,10,1
307,1,0
307,2,0
307,3,1
307,4,1
307,5,1
307,6,1
307,7,0
307,8,1
307,9,1
307,10,1
308,1,0
308,2,0
308,3,1
308,4,0
308,5,0
308,6,1
308,7,1
308,8,0
308,9,1
308,10,1
309,1,0
309,2,1
309,3,1
309,4,1
309,5,0
309,6,1
309,7,1
309,8,1
309,9,0
309,10,1
310,1,1
310,2,1
310,3,1
310,4,1
310,5,1
310,6,1
310,7,1
310,8,1
310,9,1
310,10,0
311,1,0
311,2,0
311,3,0
311,4,0
311,5,0
311,6,1
311,7,1
311,8,1
311,9,1
311,10,1
312,1,0
312,2,0
312,3,1
312,4,0
312,5,1
312,6,1
312,7,1
312,8,1
312,9,1
312,10,1
313,1,0
313,2,0
313,3,0
313,4,0
313,5,1
313,6,1
313,7,1
313,8,1
313,9,1
313,10,1
314,1,0
314,2,0
314,3,0
314,4,1
314,5,1
314,6,1
314,7,1
314,8,1
314,9,1
314,10,1
315,1,0
315,2,1
315,3,0
315,4,1
315,5,0
315,6,0
315,7,1
315,8,1
315,9,1
315,10,1
316,1,1
316,2,1
316,3,1
316,4,1
316,5,1
316,6,0
316,7,1
316,8,1
316,9,1
316,10,1
317,1,1
317,2,0
317,3,0
317,4,0
317,5,1
317,6,1
317,7,1
317,8,1
317,9,1
317,10,1
318,1,1
318,2,0
318,3,1
318,4,1
318,5,1
318,6,1
318,7,0
318,8,1
318,9,1
318,10,1
319,1,1
319,2,0
319,3,1
319,4,0
319,5,1
319,6,0
319,7,0
319,8,1
319,9,1
319,10,1
320,1,1
320,2,1
320,3,0
320,4,0
320,5,1
320,6,0
320,7,1
320,8,1
320,9,1
320,10,1
321,1,0
321,2,0
321,3,0
321,4,1
321,5,0
321,6,1
321,7,1
321,8,1
321,9,1
321,10,0
322,1,1
322,2,1
322,3,1
322,4,1
322,5,1
322,6,1
322,7,0
322,8,1
322,9,1
322,10,1
323,1,0
323,2,1
323,3,1
323,4,1
323,5,1
323,6,1
323,7,0
323,8,1
323,9,0
323,10,1
324,1,0
324,2,1
324,3,1
324,4,0
324,5,1
324,6,1
324,7,1
324,8,1
324,9,1
324,10,1
325,1,0
325,2,0
325,3,0
325,4,1
325,5,1
325,6,1
325,7,1
325,8,1
325,9,1
325,10,1
326,1,0
326,2,1
326,3,0
326,4,0
326,5,1
326,6,1
326,7,1
326,8,1
326,9,1
326,10,1
327,1,0
327,2,0
327,3,0
327,4,1
327,5,1
327,6,0
327,7,1
327,8,1
327,9,1
327,10,1
328,1,1
328,2,0
328,3,0
328,4,0
328,5,0
328,6,1
328,7,0
328,8,0
328,9,1
328,10,1
329,1,0
329,2,0
329,3,1
329,4,0
329,5,0
329,6,1
329,7,1
329,8,0
329,9,1
329,10,1
330,1,0
330,2,1
330,3,1
330,4,0
330,5,0
330,6,1
330,7,0
330,8,1
330,9,1
330,10,1
331,1,1
331,2,1
331,3,1
331,4,0
331,5,0
331,6,0
331,7,1
331,8,0
331,9,0
331,10,1
332,1,1
332,2,1
332,3,1
332,4,1
332,5,1
332,6,1
332,7,1
332,8,1
332,9,1
332,10,0
333,1,1
333,2,0
333,3,1
333,4,1
333,5,0
333,6,1
333,7,1
333,8,0
333,9,1
333,10,1
334,1,1
334,2,1
334,3,1
334,4,0
334,5,1
334,6,1
334,7,1
334,8,1
334,9,0
334,10,0
335,1,0
335,2,0
335,3,0
335,4,1
335,5,1
335,6,1
335,7,0
335,8,1
335,9,1
335,10,0
336,1,0
336,2,1
336,3,0
336,4,1
336,5,0
336,6,1
336,7,1
336,8,1
336,9,0
336,10,1
337,1,1
337,2,1
337,3,1
337,4,1
337,5,1
337,6,1
337,7,1
337,8,1
337,9,1
337,10,1
338,1,0
338,2,0
338,3,0
338,4,1
338,5,0
338,6,1
338,7,0
338,8,1
338,9,1
338,10,1
339,1,0
339,2,0
339,3,0
339,4,0
339,5,1
339,6,1
339,7,1
339,8,1
339,9,1
339,10,1
340,1,0
340,2,0
340,3,1
340,4,1
340,5,1
340,6,1
340,7,0
340,8,1
340,9,1
340,10,1
341,1,1
341,2,1
341,3,1
341,4,1
341,5,1
341,6,1
341,7,1
341,8,1
341,9,1
341,10,1
342,1,0
342,2,0
342,3,1
342,4,1
342,5,0
342,6,0
342,7,1
342,8,0
342,9,1
342,10,1
343,1,0
343,2,0
343,3,0
343,4,0
343,5,1
343,6,1
343,7,1
343,8,1
343,9,1
343,10,1
344,1,0
344,2,0
344,3,0
344,4,1
344,5,1
344,6,1
344,7,1
344,8,1
344,9,1
344,10,1
345,1,0
345,2,0
345,3,0
345,4,1
345,5,1
345,6,1
345,7,1
345,8,1
345,9,1
345,10,1
346,1,1
346,2,1
346,3,1
346,4,1
346,5,1
346,6,0
346,7,0
346,8,1
346,9,1
346,10,1
347,1,1
347,2,1
347,3,1
347,4,1
347,5,1
347,6,1
347,7,1
347,8,1
347,9,1
347,10,1
348,1,0
348,2,1
348,3,1
348,4,1
348,5,1
348,6,1
348,7,0
348,8,1
348,9,1
348,10,1
349,1,0
349,2,0
349,3,1
349,4,0
349,5,1
349,6,1
349,7,0
349,8,1
349,9,1
349,10,1
350,1,1
350,2,1
350,3,1
350,4,1
350,5,1
350,6,1
350,7,1
350,8,1
350,9,1
350,10,0
351,1,0
351,2,0
351,3,0
351,4,1
351,5,1
351,6,0
351,7,1
351,8,0
351,9,0
351,10,1
352,1,0
352,2,0
352,3,0
352,4,1
352,5,1
352,6,0
352,7,1
352,8,1
352,9,0
352,10,1
353,1,0
353,2,1
353,3,0
353,4,1
353,5,1
353,6,1
353,7,1
353,8,1
353,9,0
353,10,0
354,1,0
354,2,0
354,3,0
354,4,1
354,5,0
354,6,0
354,7,0
354,8,0
354,9,1
354,10,1
355,1,0
355,2,1
355,3,1
355,4,1
355,5,0
355,6,1
355,7,1
355,8,1
355,9,0
355,10,1
356,1,0
356,2,0
356,3,0
356,4,1
356,5,0
356,6,0
356,7,1
356,8,0
356,9,0
356,10,1
357,1,1
357,2,1
357,3,1
357,4,1
357,5,1
357,6,1
357,7,1
357,8,1
357,9,1
357,10,1
358,1,1
358,2,1
358,3,1
358,4,1
358,5,1
358,6,1
358,7,1
358,8,1
358,9,1
358,10,1
359,1,0
359,2,0
359,3,0
359,4,0
359,5,1
359,6,1
359,7,1
359,8,1
359,9,0
359,10,1
360,1,1
360,2,1
360,3,1
360,4,1
360,5,1
360,6,1
360,7,1
360,8,1
360,9,1
360,10,1
361,1,0
361,2,0
361,3,1
361,4,1
361,5,1
361,6,1
361,7,1
361,8,1
361,9,1
361,10,1
362,1,1
362,2,0
362,3,0
362,4,1
362,5,1
362,6,0
362,7,0
362,8,1
362,9,1
362,10,1
363,1,0
363,2,1
363,3,0
363,4,0
363,5,1
363,6,1
363,7,1
363,8,1
363,9,1
363,10,1
364,1,1
364,2,1
364,3,1
364,4,1
364,5,1
364,6,0
364,7,1
364,8,1
364,9,1
364,10,1
365,1,0
365,2,0
365,3,1
365,4,1
365,5,1
365,6,1
365,7,1
365,8,1
365,9,0
365,10,1
366,1,1
366,2,0
366,3,0
366,4,1
366,5,0
366,6,1
366,7,1
366,8,1
366,9,1
366,10,1
367,1,0
367,2,0
367,3,0
367,4,0
367,5,0
367,6,1
367,7,1
367,8,1
367,9,1
367,10,1
368,1,1
368,2,1
368,3,1
368,4,1
368,5,1
368,6,1
368,7,1
368,8,1
368,9,1
368,10,1
369,1,0
369,2,1
369,3,1
369,4,0
369,5,1
369,6,1
369,7,1
369,8,1
369,9,1
369,10,1
370,1,1
370,2,1
370,3,1
370,4,1
370,5,1
370,6,1
370,7,1
370,8,1
370,9,1
370,10,1
371,1,0
371,2,0
371,3,0
371,4,1
371,5,1
371,6,1
371,7,1
371,8,1
371,9,1
371,10,1
372,1,0
372,2,0
372,3,1
372,4,0
372,5,0
372,6,1
372,7,1
372,8,1
372,9,0
372,10,1
373,1,0
373,2,0
373,3,0
373,4,0
373,5,1
373,6,1
373,7,1
373,8,1
373,9,1
373,10,1
374,1,0
374,2,0
374,3,1
374,4,1
374,5,1
374,6,1
374,7,1
374,8,1
374,9,1
374,10,0
375,1,0
375,2,1
375,3,1
375,4,1
375,5,0
375,6,1
375,7,1
375,8,1
375,9,1
375,10,1
376,1,1
376,2,1
376,3,1
376,4,1
376,5,1
376,6,1
376,7,1
376,8,1
376,9,1
376,10,1
377,1,1
377,2,1
377,3,0
377,4,1
377,5,1
377,6,1
377,7,0
377,8,1
377,9,1
377,10,0
378,1,0
378,2,0
378,3,0
378,4,0
378,5,1
378,6,0
378,7,0
378,8,1
378,9,1
378,10,1
379,1,0
379,2,0
379,3,1
379,4,1
379,5,1
379,6,1
379,7,1
379,8,1
379,9,1
379,10,1
380,1,0
380,2,1
380,3,0
380,4,1
380,5,0
380,6,1
380,7,1
380,8,1
380,9,1
380,10,1
381,1,0
381,2,0
381,3,0
381,4,0
381,5,1
381,6,1
381,7,1
381,8,1
381,9,1
381,10,1
382,1,1
382,2,1
382,3,1
382,4,1
382,5,1
382,6,1
382,7,1
382,8,1
382,9,1
382,10,1
383,1,0
383,2,1
383,3,0
383,4,0
383,5,1
383,6,1
383,7,1
383,8,0
383,9,1
383,10,1
384,1,0
384,2,0
384,3,0
384,4,1
384,5,1
384,6,1
384,7,1
384,8,1
384,9,1
384,10,1
385,1,1
385,2,1
385,3,1
385,4,1
385,5,1
385,6,1
385,7,1
385,8,1
385,9,1
385,10,1
386,1,1
386,2,0
386,3,1
386,4,0
386,5,0
386,6,1
386,7,0
386,8,1
386,9,1
386,10,1
387,1,0
387,2,0
387,3,0
387,4,1
387,5,1
387,6,1
387,7,0
387,8,1
387,9,1
387,10,1
388,1,0
388,2,1
388,3,0
388,4,0
388,5,1
388,6,0
388,7,0
388,8,1
388,9,1
388,10,1
389,1,1
389,2,1
389,3,1
389,4,0
389,5,0
389,6,1
389,7,0
389,8,1
389,9,1
389,10,1
390,1,1
390,2,1
390,3,0
390,4,1
390,5,1
390,6,1
390,7,1
390,8,1
390,9,1
390,10,1
391,1,0
391,2,1
391,3,0
391,4,0
391,5,0
391,6,1
391,7,0
391,8,1
391,9,1
391,10,1
392,1,1
392,2,1
392,3,1
392,4,1
392,5,1
392,6,1
392,7,0
392,8,1
392,9,1
392,10,1
393,1,0
393,2,1
393,3,1
393,4,1
393,5,1
393,6,1
393,7,1
393,8,1
393,9,1
393,10,1
394,1,0
394,2,0
394,3,1
394,4,1
394,5,0
394,6,0
394,7,1
394,8,1
394,9,1
394,10,1
395,1,0
395,2,0
395,3,0
395,4,0
395,5,0
395,6,1
395,7,1
395,8,1
395,9,0
395,10,1
396,1,0
396,2,1
396,3,0
396,4,1
396,5,1
396,6,1
396,7,1
396,8,1
396,9,1
396,10,1
397,1,0
397,2,1
397,3,1
397,4,0
397,5,0
397,6,1
397,7,1
397,8,1
397,9,1
397,10,1
398,1,1
398,2,1
398,3,1
398,4,0
398,5,1
398,6,1
398,7,1
398,8,1
398,9,1
398,10,1
399,1,0
399,2,0
399,3,0
399,4,1
399,5,0
399,6,1
399,7,1
399,8,1
399,9,0
399,10,1
400,1,0
400,2,1
400,3,1
400,4,0
400,5,1
400,6,1
400,7,1
400,8,1
400,9,1
400,10,1
401,1,0
401,2,1
401,3,1
401,4,1
401,5,0
401,6,1
401,7,0
401,8,1
401,9,1
401,10,1
402,1,0
402,2,1
402,3,1
402,4,0
402,5,0
402,6,1
402,7,1
402,8,0
402,9,1
402,10,1
403,1,0
403,2,1
403,3,1
403,4,1
403,5,0
403,6,1
403,7,1
403,8,0
403,9,1
403,10,1
404,1,0
404,2,1
404,3,1
404,4,1
404,5,1
404,6,1
404,7,1
404,8,1
404,9,1
404,10,1
405,1,0
405,2,0
405,3,0
405,4,0
405,5,0
405,6,1
405,7,1
405,8,1
405,9,0
405,10,1
406,1,0
406,2,0
406,3,1
406,4,1
406,5,0
406,6,0
406,7,1
406,8,1
406,9,1
406,10,1
407,1,0
407,2,0
407,3,0
407,4,0
407,5,1
407,6,0
407,7,0
407,8,0
407,9,1
407,10,0
408,1,0
408,2,1
408,3,1
408,4,1
408,5,1
408,6,1
408,7,1
408,8,1
408,9,1
408,10,1
409,1,0
409,2,1
409,3,0
409,4,1
409,5,0
409,6,1
409,7,1
409,8,0
409,9,1
409,10,1
410,1,0
410,2,1
410,3,0
410,4,0
410,5,1
410,6,1
410,7,0
410,8,0
410,9,1
410,10,1
411,1,1
411,2,0
411,3,1
411,4,1
411,5,0
411,6,1
411,7,1
411,8,1
411,9,0
411,10,1
412,1,0
412,2,0
412,3,1
412,4,1
412,5,0
412,6,1
412,7,1
412,8,0
412,9,1
412,10,1
413,1,0
413,2,0
413,3,0
413,4,0
413,5,0
413,6,1
413,7,1
413,8,1
413,9,1
413,10,1
414,1,0
414,2,1
414,3,0
414,4,0
414,5,0
414,6,1
414,7,1
414,8,1
414,9,1
414,10,1
415,1,0
415,2,0
415,3,1
415,4,1
415,5,0
415,6,0
415,7,0
415,8,1
415,9,0
415,10,0
416,1,0
416,2,1
416,3,0
416,4,1
416,5,1
416,6,0
416,7,1
416,8,1
416,9,1
416,10,1
417,1,1
417,2,1
417,3,1
417,4,1
417,5,1
417,6,1
417,7,1
417,8,1
417,9,1
417,10,1
418,1,1
418,2,1
418,3,1
418,4,1
418,5,1
418,6,1
418,7,1
418,8,1
418,9,1
418,10,1
419,1,0
419,2,0
419,3,1
419,4,1
419,5,0
419,6,1
419,7,1
419,8,1
419,9,0
419,10,1
420,1,1
420,2,0
420,3,1
420,4,1
420,5,1
420,6,1
420,7,1
420,8,1
420,9,1
420,10,1
421,1,0
421,2,0
421,3,1
421,4,1
421,5,1
421,6,1
421,7,0
421,8,1
421,9,1
421,10,1
422,1,0
422,2,0
422,3,0
422,4,1
422,5,0
422,6,0
422,7,0
422,8,0
422,9,1
422,10,1
423,1,0
423,2,0
423,3,0
423,4,1
423,5,1
423,6,0
423,7,1
423,8,1
423,9,1
423,10,1
424,1,0
424,2,1
424,3,1
424,4,1
424,5,1
424,6,1
424,7,1
424,8,1
424,9,1
424,10,1
425,1,0
425,2,0
425,3,0
425,4,0
425,5,1
425,6,1
425,7,1
425,8,1
425,9,1
425,10,1
426,1,0
426,2,0
426,3,0
426,4,0
426,5,1
426,6,1
426,7,1
426,8,1
426,9,1
426,10,1
427,1,1
427,2,1
427,3,1
427,4,1
427,5,1
427,6,1
427,7,1
427,8,1
427,9,1
427,10,1
428,1,0
428,2,0
428,3,0
428,4,0
428,5,0
428,6,0
428,7,1
428,8,1
428,9,1
428,10,1
429,1,1
429,2,0
429,3,1
429,4,1
429,5,1
429,6,0
429,7,0
429,8,1
429,9,1
429,10,0
430,1,0
430,2,0
430,3,1
430,4,0
430,5,0
430,6,0
430,7,1
430,8,1
430,9,1
430,10,1
431,1,0
431,2,0
431,3,1
431,4,1
431,5,0
431,6,1
431,7,1
431,8,1
431,9,1
431,10,1
432,1,0
432,2,0
432,3,0
432,4,0
432,5,1
432,6,1
432,7,1
432,8,0
432,9,1
432,10,1
433,1,1
433,2,0
433,3,1
433,4,1
433,5,0
433,6,1
433,7,1
433,8,1
433,9,1
433,10,1
434,1,0
434,2,0
434,3,0
434,4,1
434,5,1
434,6,1
434,7,1
434,8,1
434,9,0
434,10,0
435,1,0
435,2,1
435,3,0
435,4,0
435,5,1
435,6,1
435,7,1
435,8,1
435,9,1
435,10,1
436,1,1
436,2,1
436,3,1
436,4,1
436,5,1
436,6,1
436,7,1
436,8,1
436,9,1
436,10,1
437,1,1
437,2,1
437,3,1
437,4,0
437,5,0
437,6,1
437,7,1
437,8,1
437,9,1
437,10,1
438,1,0
438,2,0
438,3,1
438,4,1
438,5,1
438,6,0
438,7,0
438,8,1
438,9,1
438,10,0
439,1,0
439,2,0
439,3,0
439,4,1
439,5,1
439,6,0
439,7,1
439,8,0
439,9,1
439,10,1
440,1,1
440,2,1
440,3,1
440,4,1
440,5,1
440,6,1
440,7,0
440,8,1
440,9,1
440,10,1
441,1,0
441,2,0
441,3,0
441,4,1
441,5,1
441,6,1
441,7,1
441,8,1
441,9,1
441,10,1
442,1,1
442,2,1
442,3,0
442,4,0
442,5,1
442,6,1
442,7,1
442,8,1
442,9,1
442,10,1
443,1,0
443,2,0
443,3,1
443,4,0
443,5,0
443,6,1
443,7,0
443,8,1
443,9,1
443,10,1
444,1,1
444,2,0
444,3,1
444,4,1
444,5,1
444,6,1
444,7,1
444,8,1
444,9,0
444,10,1
445,1,1
445,2,1
445,3,1
445,4,1
445,5,1
445,6,1
445,7,0
445,8,1
445,9,1
445,10,1
446,1,1
446,2,1
446,3,1
446,4,1
446,5,1
446,6,1
446,7,1
446,8,0
446,9,1
446,10,1
447,1,0
447,2,0
447,3,0
447,4,0
447,5,0
447,6,0
447,7,1
447,8,0
447,9,1
447,10,1
448,1,1
448,2,1
448,3,0
448,4,1
448,5,1
448,6,1
448,7,1
448,8,1
448,9,1
448,10,1
449,1,0
449,2,0
449,3,0
449,4,0
449,5,1
449,6,1
449,7,0
449,8,1
449,9,0
449,10,1
450,1,0
450,2,0
450,3,0
450,4,0
450,5,1
450,6,1
450,7,0
450,8,1
450,9,0
450,10,1
451,1,0
451,2,0
451,3,1
451,4,1
451,5,0
451,6,1
451,7,1
451,8,1
451,9,1
451,10,0
452,1,0
452,2,0
452,3,0
452,4,1
452,5,0
452,6,0
452,7,1
452,8,1
452,9,0
452,10,1
453,1,0
453,2,0
453,3,0
453,4,1
453,5,1
453,6,1
453,7,1
453,8,1
453,9,1
453,10,1
454,1,1
454,2,1
454,3,1
454,4,1
454,5,0
454,6,1
454,7,1
454,8,1
454,9,1
454,10,1
455,1,1
455,2,1
455,3,1
455,4,1
455,5,1
455,6,1
455,7,1
455,8,1
455,9,1
455,10,1
456,1,0
456,2,0
456,3,1
456,4,1
456,5,1
456,6,1
456,7,1
456,8,1
456,9,1
456,10,1
457,1,0
457,2,0
457,3,0
457,4,0
457,5,0
457,6,1
457,7,1
457,8,1
457,9,1
457,10,1
458,1,1
458,2,0
458,3,0
458,4,0
458,5,1
458,6,0
458,7,1
458,8,0
458,9,1
458,10,0
459,1,0
459,2,1
459,3,0
459,4,1
459,5,1
459,6,1
459,7,1
459,8,0
459,9,1
459,10,1
460,1,1
460,2,1
460,3,1
460,4,1
460,5,1
460,6,0
460,7,1
460,8,1
460,9,1
460,10,1
461,1,1
461,2,1
461,3,1
461,4,1
461,5,1
461,6,1
461,7,1
461,8,1
461,9,1
461,10,1
462,1,0
462,2,1
462,3,0
462,4,0
462,5,0
462,6,0
462,7,1
462,8,1
462,9,1
462,10,1
463,1,0
463,2,0
463,3,1
463,4,1
463,5,1
463,6,1
463,7,1
463,8,1
463,9,0
463,10,0
464,1,1
464,2,1
464,3,1
464,4,1
464,5,1
464,6,1
464,7,1
464,8,1
464,9,0
464,10,1
465,1,0
465,2,1
465,3,1
465,4,1
465,5,0
465,6,1
465,7,1
465,8,1
465,9,1
465,10,1
466,1,0
466,2,0
466,3,0
466,4,1
466,5,0
466,6,0
466,7,1
466,8,1
466,9,1
466,10,1
467,1,0
467,2,0
467,3,0
467,4,1
467,5,1
467,6,0
467,7,1
467,8,1
467,9,1
467,10,1
468,1,1
468,2,1
468,3,1
468,4,1
468,5,0
468,6,1
468,7,0
468,8,1
468,9,1
468,10,1
469,1,1
469,2,1
469,3,0
469,4,1
469,5,0
469,6,1
469,7,1
469,8,1
469,9,1
469,10,1
470,1,0
470,2,0
470,3,0
470,4,1
470,5,0
470,6,0
470,7,1
470,8,1
470,9,1
470,10,1
471,1,0
471,2,0
471,3,0
471,4,1
471,5,1
471,6,0
471,7,1
471,8,1
471,9,1
471,10,1
472,1,1
472,2,1
472,3,1
472,4,1
472,5,1
472,6,1
472,7,1
472,8,1
472,9,1
472,10,1
473,1,0
473,2,0
473,3,0
473,4,1
473,5,1
473,6,0
473,7,0
473,8,1
473,9,1
473,10,1
474,1,0
474,2,0
474,3,1
474,4,1
474,5,1
474,6,0
474,7,1
474,8,1
474,9,1
474,10,1
475,1,0
475,2,0
475,3,1
475,4,0
475,5,0
475,6,0
475,7,1
475,8,1
475,9,1
475,10,1
476,1,1
476,2,1
476,3,1
476,4,1
476,5,1
476,6,1
476,7,1
476,8,1
476,9,1
476,10,1
477,1,0
477,2,0
477,3,1
477,4,0
477,5,0
477,6,1
477,7,1
477,8,1
477,9,0
477,10,1
478,1,1
478,2,1
478,3,0
478,4,1
478,5,1
478,6,1
478,7,1
478,8,1
478,9,1
478,10,1
479,1,0
479,2,0
479,3,0
479,4,1
479,5,1
479,6,1
479,7,1
479,8,1
479,9,1
479,10,1
480,1,0
480,2,0
480,3,0
480,4,1
480,5,0
480,6,0
480,7,1
480,8,1
480,9,1
480,10,1
481,1,0
481,2,0
481,3,0
481,4,0
481,5,0
481,6,0
481,7,1
481,8,1
481,9,1
481,10,1
482,1,0
482,2,1
482,3,0
482,4,0
482,5,1
482,6,0
482,7,1
482,8,1
482,9,1
482,10,1
483,1,0
483,2,1
483,3,0
483,4,0
483,5,0
483,6,1
483,7,1
483,8,1
483,9,1
483,10,1
484,1,1
484,2,0
484,3,1
484,4,0
484,5,1
484,6,0
484,7,0
484,8,1
484,9,1
484,10,1
485,1,1
485,2,1
485,3,1
485,4,1
485,5,1
485,6,1
485,7,1
485,8,1
485,9,1
485,10,1
486,1,0
486,2,0
486,3,0
486,4,1
486,5,1
486,6,0
486,7,1
486,8,0
486,9,1
486,10,1
487,1,1
487,2,1
487,3,1
487,4,1
487,5,1
487,6,1
487,7,0
487,8,1
487,9,1
487,10,1
488,1,1
488,2,1
488,3,0
488,4,1
488,5,1
488,6,1
488,7,0
488,8,1
488,9,0
488,10,1
489,1,0
489,2,0
489,3,0
489,4,1
489,5,0
489,6,0
489,7,0
489,8,1
489,9,1
489,10,1
490,1,0
490,2,0
490,3,1
490,4,0
490,5,0
490,6,0
490,7,1
490,8,1
490,9,1
490,10,0
491,1,1
491,2,0
491,3,1
491,4,1
491,5,1
491,6,1
491,7,1
491,8,1
491,9,1
491,10,1
492,1,0
492,2,0
492,3,1
492,4,1
492,5,0
492,6,1
492,7,1
492,8,1
492,9,1
492,10,1
493,1,1
493,2,1
493,3,1
493,4,1
493,5,1
493,6,1
493,7,1
493,8,1
493,9,0
493,10,1
494,1,0
494,2,1
494,3,1
494,4,0
494,5,1
494,6,0
494,7,0
494,8,1
494,9,1
494,10,1
495,1,0
495,2,0
495,3,0
495,4,1
495,5,1
495,6,1
495,7,1
495,8,0
495,9,0
495,10,1
496,1,0
496,2,1
496,3,1
496,4,0
496,5,0
496,6,1
496,7,0
496,8,0
496,9,1
496,10,0
497,1,1
497,2,1
497,3,1
497,4,0
497,5,1
497,6,1
497,7,1
497,8,1
497,9,1
497,10,1
498,1,0
498,2,0
498,3,1
498,4,1
498,5,0
498,6,0
498,7,1
498,8,1
498,9,1
498,10,1
499,1,1
499,2,0
499,3,1
499,4,0
499,5,1
499,6,1
499,7,0
499,8,0
499,9,1
499,10,1
500,1,0
500,2,0
500,3,0
500,4,0
500,5,0
500,6,1
500,7,1
500,8,0
500,9,1
500,10,1
501,1,0
501,2,0
501,3,1
501,4,1
501,5,1
501,6,0
501,7,1
501,8,1
501,9,1
501,10,1
502,1,1
502,2,1
502,3,1
502,4,0
502,5,1
502,6,1
502,7,1
502,8,1
502,9,1
502,10,1
503,1,0
503,2,0
503,3,0
503,4,1
503,5,1
503,6,0
503,7,1
503,8,1
503,9,1
503,10,1
504,1,1
504,2,0
504,3,0
504,4,1
504,5,0
504,6,0
504,7,1
504,8,0
504,9,1
504,10,1
505,1,0
505,2,0
505,3,1
505,4,1
505,5,1
505,6,1
505,7,1
505,8,0
505,9,1
505,10,1
506,1,1
506,2,0
506,3,1
506,4,1
506,5,1
506,6,1
506,7,0
506,8,1
506,9,1
506,10,1
507,1,0
507,2,0
507,3,0
507,4,0
507,5,0
507,6,1
507,7,1
507,8,1
507,9,1
507,10,1
508,1,0
508,2,0
508,3,1
508,4,0
508,5,1
508,6,1
508,7,0
508,8,1
508,9,1
508,10,1
509,1,0
509,2,0
509,3,1
509,4,0
509,5,0
509,6,1
509,7,0
509,8,1
509,9,0
509,10,1
510,1,1
510,2,0
510,3,1
510,4,1
510,5,1
510,6,1
510,7,1
510,8,1
510,9,1
510,10,0
511,1,0
511,2,0
511,3,1
511,4,0
511,5,1
511,6,0
511,7,1
511,8,1
511,9,1
511,10,1
512,1,0
512,2,0
512,3,1
512,4,0
512,5,0
512,6,1
512,7,1
512,8,1
512,9,1
512,10,1
513,1,1
513,2,0
513,3,0
513,4,0
513,5,1
513,6,1
513,7,1
513,8,0
513,9,1
513,10,0
514,1,1
514,2,0
514,3,1
514,4,1
514,5,1
514,6,1
514,7,1
514,8,0
514,9,1
514,10,1
515,1,0
515,2,1
515,3,1
515,4,0
515,5,0
515,6,1
515,7,1
515,8,1
515,9,1
515,10,1
516,1,0
516,2,0
516,3,0
516,4,0
516,5,0
516,6,1
516,7,1
516,8,1
516,9,1
516,10,1
517,1,1
517,2,1
517,3,1
517,4,0
517,5,1
517,6,1
517,7,1
517,8,1
517,9,1
517,10,1
518,1,1
518,2,1
518,3,0
518,4,1
518,5,1
518,6,0
518,7,1
518,8,1
518,9,1
518,10,1
519,1,1
519,2,1
519,3,0
519,4,0
519,5,1
519,6,1
519,7,0
519,8,1
519,9,0
519,10,1
520,1,1
520,2,1
520,3,1
520,4,1
520,5,1
520,6,1
520,7,1
520,8,1
520,9,1
520,10,1
521,1,0
521,2,0
521,3,0
521,4,1
521,5,1
521,6,1
521,7,1
521,8,1
521,9,1
521,10,1
522,1,1
522,2,1
522,3,1
522,4,0
522,5,0
522,6,0
522,7,1
522,8,1
522,9,1
522,10,0
523,1,0
523,2,0
523,3,1
523,4,0
523,5,0
523,6,1
523,7,1
523,8,1
523,9,1
523,10,1
524,1,1
524,2,1
524,3,1
524,4,1
524,5,1
524,6,1
524,7,1
524,8,1
524,9,1
524,10,1
525,1,0
525,2,0
525,3,0
525,4,0
525,5,1
525,6,1
525,7,1
525,8,1
525,9,1
525,10,1
526,1,0
526,2,1
526,3,0
526,4,0
526,5,1
526,6,0
526,7,1
526,8,1
526,9,1
526,10,1
527,1,0
527,2,0
527,3,1
527,4,0
527,5,1
527,6,1
527,7,0
527,8,1
527,9,1
527,10,1
528,1,1
528,2,0
528,3,1
528,4,0
528,5,1
528,6,1
528,7,1
528,8,1
528,9,0
528,10,1
529,1,0
529,2,1
529,3,0
529,4,1
529,5,0
529,6,1
529,7,1
529,8,1
529,9,1
529,10,1
530,1,1
530,2,1
530,3,0
530,4,0
530,5,1
530,6,1
530,7,1
530,8,1
530,9,1
530,10,1
531,1,0
531,2,0
531,3,1
531,4,0
531,5,1
531,6,1
531,7,0
531,8,1
531,9,1
531,10,1
532,1,0
532,2,0
532,3,0
532,4,0
532,5,1
532,6,0
532,7,1
532,8,1
532,9,0
532,10,1
533,1,1
533,2,0
533,3,0
533,4,0
533,5,1
533,6,1
533,7,1
533,8,1
533,9,0
533,10,1
534,1,0
534,2,0
534,3,1
534,4,0
534,5,1
534,6,1
534,7,0
534,8,0
534,9,1
534,10,1
535,1,0
535,2,0
535,3,0
535,4,1
535,5,0
535,6,1
535,7,1
535,8,0
535,9,1
535,10,1
536,1,0
536,2,0
536,3,1
536,4,0
536,5,0
536,6,0
536,7,1
536,8,1
536,9,1
536,10,0
537,1,1
537,2,1
537,3,1
537,4,1
537,5,1
537,6,1
537,7,1
537,8,1
537,9,1
537,10,1
538,1,0
538,2,1
538,3,0
538,4,1
538,5,1
538,6,0
538,7,1
538,8,1
538,9,1
538,10,1
539,1,0
539,2,0
539,3,0
539,4,1
539,5,1
539,6,0
539,7,1
539,8,1
539,9,1
539,10,1
540,1,0
540,2,0
540,3,1
540,4,1
540,5,1
540,6,0
540,7,1
540,8,1
540,9,1
540,10,1
541,1,0
541,2,1
541,3,1
541,4,1
541,5,1
541,6,1
541,7,1
541,8,1
541,9,1
541,10,1
542,1,0
542,2,0
542,3,0
542,4,1
542,5,0
542,6,0
542,7,1
542,8,1
542,9,1
542,10,1
543,1,1
543,2,0
543,3,0
543,4,1
543,5,1
543,6,0
543,7,1
543,8,1
543,9,1
543,10,1
544,1,1
544,2,0
544,3,1
544,4,0
544,5,1
544,6,1
544,7,1
544,8,1
544,9,1
544,10,1
545,1,0
545,2,0
545,3,1
545,4,0
545,5,1
545,6,1
545,7,0
545,8,1
545,9,1
545,10,1
546,1,0
546,2,1
546,3,0
546,4,1
546,5,1
546,6,1
546,7,0
546,8,1
546,9,1
546,10,1
547,1,0
547,2,1
547,3,1
547,4,1
547,5,0
547,6,1
547,7,1
547,8,1
547,9,1
547,10,0
548,1,1
548,2,1
548,3,1
548,4,1
548,5,1
548,6,1
548,7,0
548,8,1
548,9,1
548,10,1
549,1,0
549,2,0
549,3,0
549,4,0
549,5,0
549,6,1
549,7,0
549,8,1
549,9,1
549,10,1
550,1,1
550,2,0
550,3,1
550,4,0
550,5,1
550,6,1
550,7,1
550,8,1
550,9,1
550,10,1
551,1,1
551,2,1
551,3,1
551,4,1
551,5,1
551,6,1
551,7,1
551,8,1
551,9,1
551,10,1
552,1,1
552,2,1
552,3,1
552,4,1
552,5,1
552,6,1
552,7,1
552,8,1
552,9,1
552,10,1
553,1,1
553,2,1
553,3,1
553,4,1
553,5,1
553,6,1
553,7,1
553,8,1
553,9,1
553,10,1
554,1,1
554,2,1
554,3,1
554,4,1
554,5,0
554,6,0
554,7,1
554,8,1
554,9,1
554,10,0
555,1,0
555,2,1
555,3,1
555,4,0
555,5,0
555,6,1
555,7,1
555,8,1
555,9,1
555,10,1
556,1,0
556,2,1
556,3,0
556,4,0
556,5,1
556,6,1
556,7,0
556,8,1
556,9,0
556,10,0
557,1,0
557,2,0
557,3,1
557,4,0
557,5,1
557,6,1
557,7,1
557,8,0
557,9,1
557,10,0
558,1,0
558,2,1
558,3,0
558,4,1
558,5,0
558,6,1
558,7,1
558,8,1
558,9,1
558,10,1
559,1,1
559,2,0
559,3,0
559,4,1
559,5,1
559,6,1
559,7,1
559,8,1
559,9,1
559,10,1
560,1,1
560,2,1
560,3,0
560,4,1
560,5,1
560,6,1
560,7,1
560,8,1
560,9,1
560,10,1
561,1,0
561,2,0
561,3,1
561,4,0
561,5,0
561,6,1
561,7,1
561,8,1
561,9,1
561,10,1
562,1,0
562,2,0
562,3,0
562,4,1
562,5,1
562,6,0
562,7,0
562,8,0
562,9,0
562,10,0
563,1,1
563,2,1
563,3,1
563,4,1
563,5,1
563,6,0
563,7,1
563,8,1
563,9,1
563,10,1
564,1,0
564,2,1
564,3,1
564,4,1
564,5,1
564,6,1
564,7,1
564,8,1
564,9,1
564,10,1
565,1,1
565,2,1
565,3,0
565,4,1
565,5,1
565,6,1
565,7,1
565,8,1
565,9,1
565,10,1
566,1,1
566,2,0
566,3,0
566,4,1
566,5,0
566,6,0
566,7,1
566,8,0
566,9,1
566,10,1
567,1,0
567,2,0
567,3,1
567,4,1
567,5,0
567,6,0
567,7,1
567,8,1
567,9,1
567,10,1
568,1,0
568,2,0
568,3,1
568,4,1
568,5,0
568,6,1
568,7,1
568,8,1
568,9,1
568,10,1
569,1,0
569,2,1
569,3,1
569,4,1
569,5,1
569,6,1
569,7,1
569,8,1
569,9,0
569,10,1
570,1,1
570,2,0
570,3,0
570,4,0
570,5,1
570,6,1
570,7,0
570,8,1
570,9,1
570,10,1
571,1,0
571,2,0
571,3,0
571,4,0
571,5,1
571,6,1
571,7,1
571,8,0
571,9,1
571,10,1
572,1,1
572,2,1
572,3,1
572,4,1
572,5,1
572,6,1
572,7,1
572,8,1
572,9,1
572,10,1
573,1,0
573,2,1
573,3,0
573,4,0
573,5,1
573,6,0
573,7,1
573,8,1
573,9,1
573,10,1
574,1,0
574,2,0
574,3,1
574,4,0
574,5,1
574,6,0
574,7,1
574,8,0
574,9,1
574,10,0
575,1,0
575,2,0
575,3,0
575,4,0
575,5,1
575,6,1
575,7,1
575,8,1
575,9,1
575,10,1
576,1,1
576,2,1
576,3,1
576,4,1
576,5,1
576,6,1
576,7,1
576,8,1
576,9,1
576,10,1
577,1,0
577,2,1
577,3,1
577,4,0
577,5,0
577,6,0
577,7,0
577,8,1
577,9,1
577,10,1
578,1,0
578,2,0
578,3,1
578,4,0
578,5,0
578,6,1
578,7,1
578,8,1
578,9,1
578,10,1
579,1,0
579,2,1
579,3,1
579,4,1
579,5,1
579,6,1
579,7,0
579,8,1
579,9,1
579,10,1
580,1,0
580,2,1
580,3,0
580,4,0
580,5,0
580,6,1
580,7,1
580,8,1
580,9,1
580,10,1
581,1,0
581,2,1
581,3,1
581,4,0
581,5,1
581,6,0
581,7,0
581,8,1
581,9,1
581,10,1
582,1,1
582,2,0
582,3,1
582,4,1
582,5,0
582,6,1
582,7,1
582,8,1
582,9,1
582,10,1
583,1,1
583,2,1
583,3,1
583,4,1
583,5,1
583,6,1
583,7,1
583,8,1
583,9,1
583,10,1
584,1,0
584,2,1
584,3,1
584,4,1
584,5,1
584,6,1
584,7,1
584,8,1
584,9,0
584,10,1
585,1,0
585,2,0
585,3,1
585,4,1
585,5,0
585,6,0
585,7,0
585,8,1
585,9,1
585,10,1
586,1,0
586,2,0
586,3,0
586,4,1
586,5,1
586,6,0
586,7,0
586,8,1
586,9,1
586,10,1
587,1,1
587,2,1
587,3,1
587,4,1
587,5,0
587,6,1
587,7,1
587,8,1
587,9,1
587,10,1
588,1,0
588,2,1
588,3,0
588,4,1
588,5,0
588,6,0
588,7,1
588,8,1
588,9,0
588,10,1
589,1,0
589,2,0
589,3,0
589,4,1
589,5,0
589,6,0
589,7,1
589,8,1
589,9,1
589,10,0
590,1,0
590,2,1
590,3,1
590,4,0
590,5,1
590,6,0
590,7,1
590,8,1
590,9,1
590,10,1
591,1,0
591,2,0
591,3,0
591,4,1
591,5,0
591,6,1
591,7,1
591,8,1
591,9,0
591,10,1
592,1,1
592,2,1
592,3,1
592,4,1
592,5,1
592,6,1
592,7,1
592,8,1
592,9,1
592,10,1
593,1,0
593,2,1
593,3,1
593,4,0
593,5,1
593,6,0
593,7,1
593,8,1
593,9,1
593,10,1
594,1,0
594,2,1
594,3,1
594,4,1
594,5,1
594,6,1
594,7,1
594,8,1
594,9,0
594,10,1
595,1,1
595,2,1
595,3,1
595,4,1
595,5,1
595,6,1
595,7,1
595,8,1
595,9,1
595,10,1
596,1,0
596,2,0
596,3,0
596,4,1
596,5,0
596,6,1
596,7,0
596,8,1
596,9,1
596,10,1
597,1,1
597,2,1
597,3,0
597,4,1
597,5,1
597,6,1
597,7,1
597,8,1
597,9,1
597,10,1
598,1,1
598,2,1
598,3,1
598,4,1
598,5,1
598,6,1
598,7,1
598,8,1
598,9,1
598,10,1
599,1,1
599,2,1
599,3,1
599,4,1
599,5,1
599,6,0
599,7,0
599,8,1
599,9,1
599,10,1
600,1,1
600,2,1
600,3,1
600,4,1
600,5,1
600,6,1
600,7,1
600,8,1
600,9,0
600,10,0
601,1,0
601,2,1
601,3,1
601,4,1
601,5,0
601,6,1
601,7,0
601,8,1
601,9,1
601,10,0
602,1,0
602,2,1
602,3,0
602,4,1
602,5,0
602,6,1
602,7,1
602,8,0
602,9,1
602,10,0
603,1,1
603,2,0
603,3,1
603,4,1
603,5,1
603,6,0
603,7,0
603,8,1
603,9,1
603,10,1
604,1,0
604,2,0
604,3,0
604,4,1
604,5,0
604,6,0
604,7,1
604,8,0
604,9,1
604,10,1
605,1,0
605,2,1
605,3,1
605,4,1
605,5,0
605,6,0
605,7,0
605,8,1
605,9,1
605,10,1
606,1,0
606,2,1
606,3,1
606,4,0
606,5,1
606,6,0
606,7,1
606,8,0
606,9,1
606,10,1
607,1,1
607,2,1
607,3,0
607,4,1
607,5,1
607,6,1
607,7,1
607,8,0
607,9,1
607,10,1
608,1,0
608,2,1
608,3,1
608,4,1
608,5,0
608,6,1
608,7,1
608,8,1
608,9,0
608,10,1
609,1,0
609,2,1
609,3,0
609,4,0
609,5,0
609,6,1
609,7,1
609,8,1
609,9,1
609,10,1
610,1,1
610,2,1
610,3,1
610,4,0
610,5,1
610,6,1
610,7,1
610,8,1
610,9,1
610,10,1
611,1,1
611,2,1
611,3,0
611,4,1
611,5,0
611,6,0
611,7,1
611,8,0
611,9,1
611,10,1
612,1,0
612,2,1
612,3,1
612,4,0
612,5,1
612,6,1
612,7,1
612,8,1
612,9,1
612,10,1
613,1,0
613,2,0
613,3,1
613,4,1
613,5,1
613,6,1
613,7,0
613,8,1
613,9,0
613,10,1
614,1,0
614,2,0
614,3,1
614,4,0
614,5,0
614,6,1
614,7,1
614,8,0
614,9,1
614,10,1
615,1,0
615,2,0
615,3,1
615,4,1
615,5,0
615,6,1
615,7,1
615,8,1
615,9,1
615,10,1
616,1,0
616,2,1
616,3,0
616,4,1
616,5,1
616,6,1
616,7,0
616,8,1
616,9,1
616,10,1
617,1,0
617,2,0
617,3,1
617,4,0
617,5,1
617,6,0
617,7,0
617,8,1
617,9,1
617,10,1
618,1,0
618,2,0
618,3,1
618,4,0
618,5,1
618,6,1
618,7,1
618,8,0
618,9,0
618,10,1
619,1,0
619,2,0
619,3,0
619,4,0
619,5,1
619,6,1
619,7,0
619,8,1
619,9,1
619,10,1
620,1,0
620,2,1
620,3,1
620,4,1
620,5,1
620,6,1
620,7,1
620,8,1
620,9,0
620,10,1
621,1,1
621,2,1
621,3,1
621,4,1
621,5,1
621,6,0
621,7,1
621,8,1
621,9,1
621,10,0
622,1,0
622,2,1
622,3,0
622,4,1
622,5,1
622,6,0
622,7,1
622,8,1
622,9,1
622,10,0
623,1,1
623,2,1
623,3,1
623,4,1
623,5,1
623,6,1
623,7,1
623,8,1
623,9,1
623,10,1
624,1,1
624,2,1
624,3,1
624,4,1
624,5,1
624,6,1
624,7,1
624,8,1
624,9,1
624,10,1
625,1,1
625,2,1
625,3,1
625,4,1
625,5,1
625,6,1
625,7,1
625,8,1
625,9,0
625,10,1
626,1,0
626,2,0
626,3,0
626,4,1
626,5,1
626,6,1
626,7,1
626,8,0
626,9,1
626,10,1
627,1,1
627,2,0
627,3,0
627,4,1
627,5,1
627,6,1
627,7,1
627,8,0
627,9,1
627,10,1
628,1,0
628,2,1
628,3,1
628,4,0
628,5,0
628,6,1
628,7,1
628,8,0
628,9,0
628,10,1
629,1,0
629,2,0
629,3,1
629,4,0
629,5,1
629,6,1
629,7,0
629,8,1
629,9,1
629,10,1
630,1,0
630,2,1
630,3,1
630,4,1
630,5,1
630,6,1
630,7,1
630,8,1
630,9,1
630,10,1
631,1,1
631,2,1
631,3,0
631,4,1
631,5,1
631,6,0
631,7,1
631,8,0
631,9,1
631,10,1
632,1,1
632,2,0
632,3,0
632,4,1
632,5,0
632,6,0
632,7,1
632,8,1
632,9,1
632,10,0
633,1,0
633,2,1
633,3,0
633,4,1
633,5,1
633,6,1
633,7,0
633,8,1
633,9,1
633,10,1
634,1,0
634,2,1
634,3,0
634,4,1
634,5,1
634,6,1
634,7,1
634,8,1
634,9,1
634,10,1
635,1,0
635,2,1
635,3,0
635,4,0
635,5,0
635,6,1
635,7,1
635,8,0
635,9,1
635,10,1
636,1,0
636,2,0
636,3,0
636,4,0
636,5,0
636,6,0
636,7,1
636,8,1
636,9,1
636,10,1
637,1,0
637,2,1
637,3,1
637,4,0
637,5,1
637,6,0
637,7,0
637,8,1
637,9,1
637,10,1
638,1,0
638,2,0
638,3,1
638,4,1
638,5,1
638,6,1
638,7,1
638,8,1
638,9,1
638,10,1
639,1,1
639,2,1
639,3,1
639,4,1
639,5,1
639,6,1
639,7,0
639,8,1
639,9,1
639,10,1
640,1,0
640,2,0
640,3,1
640,4,1
640,5,1
640,6,1
640,7,1
640,8,0
640,9,1
640,10,0
641,1,0
641,2,0
641,3,1
641,4,0
641,5,0
641,6,0
641,7,0
641,8,1
641,9,1
641,10,1
642,1,1
642,2,1
642,3,1
642,4,1
642,5,0
642,6,1
642,7,1
642,8,1
642,9,1
642,10,1
643,1,0
643,2,0
643,3,0
643,4,0
643,5,1
643,6,1
643,7,0
643,8,1
643,9,1
643,10,1
644,1,0
644,2,1
644,3,0
644,4,1
644,5,1
644,6,1
644,7,1
644,8,1
644,9,1
644,10,1
645,1,0
645,2,0
645,3,0
645,4,0
645,5,1
645,6,1
645,7,1
645,8,0
645,9,1
645,10,1
646,1,0
646,2,0
646,3,1
646,4,1
646,5,0
646,6,1
646,7,1
646,8,0
646,9,1
646,10,1
647,1,1
647,2,1
647,3,1
647,4,1
647,5,1
647,6,1
647,7,1
647,8,0
647,9,1
647,10,1
648,1,0
648,2,1
648,3,1
648,4,1
648,5,1
648,6,1
648,7,1
648,8,1
648,9,1
648,10,1
649,1,0
649,2,1
649,3,0
649,4,1
649,5,1
649,6,1
649,7,1
649,8,1
649,9,1
649,10,1
650,1,0
650,2,1
650,3,1
650,4,1
650,5,0
650,6,0
650,7,1
650,8,1
650,9,1
650,10,1
651,1,1
651,2,0
651,3,0
651,4,1
651,5,1
651,6,0
651,7,1
651,8,1
651,9,0
651,10,1
652,1,0
652,2,1
652,3,1
652,4,0
652,5,1
652,6,1
652,7,0
652,8,1
652,9,1
652,10,1
653,1,0
653,2,1
653,3,1
653,4,0
653,5,1
653,6,1
653,7,1
653,8,1
653,9,1
653,10,0
654,1,0
654,2,1
654,3,0
654,4,1
654,5,1
654,6,0
654,7,1
654,8,1
654,9,1
654,10,1
655,1,0
655,2,0
655,3,0
655,4,1
655,5,0
655,6,1
655,7,1
655,8,1
655,9,1
655,10,1
656,1,1
656,2,1
656,3,1
656,4,1
656,5,1
656,6,1
656,7,1
656,8,1
656,9,1
656,10,1
657,1,1
657,2,0
657,3,1
657,4,0
657,5,1
657,6,0
657,7,1
657,8,0
657,9,1
657,10,1
658,1,0
658,2,0
658,3,0
658,4,0
658,5,0
658,6,1
658,7,1
658,8,0
658,9,1
658,10,0
659,1,0
659,2,1
659,3,1
659,4,1
659,5,1
659,6,0
659,7,0
659,8,0
659,9,1
659,10,0
660,1,0
660,2,0
660,3,1
660,4,0
660,5,1
660,6,1
660,7,1
660,8,1
660,9,1
660,10,1
661,1,0
661,2,0
661,3,0
661,4,1
661,5,0
661,6,1
661,7,0
661,8,1
661,9,0
661,10,1
662,1,0
662,2,0
662,3,0
662,4,0
662,5,0
662,6,0
662,7,1
662,8,1
662,9,0
662,10,1
663,1,1
663,2,1
663,3,1
663,4,1
663,5,1
663,6,1
663,7,0
663,8,1
663,9,1
663,10,1
664,1,0
664,2,0
664,3,0
664,4,0
664,5,0
664,6,0
664,7,1
664,8,1
664,9,1
664,10,1
665,1,1
665,2,1
665,3,1
665,4,1
665,5,1
665,6,1
665,7,1
665,8,1
665,9,1
665,10,1
666,1,0
666,2,0
666,3,0
666,4,1
666,5,0
666,6,1
666,7,1
666,8,1
666,9,1
666,10,1
667,1,0
667,2,0
667,3,0
667,4,1
667,5,1
667,6,1
667,7,1
667,8,0
667,9,1
667,10,1
668,1,0
668,2,0
668,3,0
668,4,1
668,5,0
668,6,1
668,7,1
668,8,1
668,9,1
668,10,1
669,1,0
669,2,1
669,3,1
669,4,1
669,5,1
669,6,0
669,7,1
669,8,1
669,9,1
669,10,1
670,1,0
670,2,0
670,3,1
670,4,0
670,5,1
670,6,0
670,7,0
670,8,1
670,9,1
670,10,1
671,1,0
671,2,0
671,3,1
671,4,1
671,5,0
671,6,1
671,7,0
671,8,1
671,9,0
671,10,1
672,1,1
672,2,1
672,3,1
672,4,1
672,5,1
672,6,1
672,7,0
672,8,1
672,9,1
672,10,0
673,1,1
673,2,1
673,3,1
673,4,1
673,5,1
673,6,1
673,7,1
673,8,1
673,9,1
673,10,1
674,1,0
674,2,0
674,3,0
674,4,1
674,5,0
674,6,1
674,7,1
674,8,0
674,9,1
674,10,1
675,1,0
675,2,0
675,3,0
675,4,1
675,5,0
675,6,1
675,7,1
675,8,1
675,9,1
675,10,1
676,1,0
676,2,0
676,3,0
676,4,0
676,5,0
676,6,0
676,7,1
676,8,1
676,9,1
676,10,1
677,1,0
677,2,1
677,3,0
677,4,0
677,5,1
677,6,1
677,7,0
677,8,0
677,9,1
677,10,1
678,1,1
678,2,0
678,3,1
678,4,1
678,5,0
678,6,1
678,7,1
678,8,1
678,9,1
678,10,1
679,1,0
679,2,1
679,3,0
679,4,1
679,5,0
679,6,0
679,7,1
679,8,1
679,9,1
679,10,1
680,1,0
680,2,0
680,3,1
680,4,0
680,5,1
680,6,1
680,7,1
680,8,1
680,9,0
680,10,1
681,1,1
681,2,1
681,3,1
681,4,0
681,5,1
681,6,1
681,7,1
681,8,1
681,9,1
681,10,1
682,1,1
682,2,1
682,3,1
682,4,1
682,5,1
682,6,1
682,7,1
682,8,1
682,9,1
682,10,1
683,1,0
683,2,0
683,3,1
683,4,1
683,5,1
683,6,1
683,7,0
683,8,1
683,9,1
683,10,1
684,1,1
684,2,1
684,3,1
684,4,1
684,5,1
684,6,1
684,7,1
684,8,1
684,9,1
684,10,0
685,1,1
685,2,1
685,3,1
685,4,1
685,5,1
685,6,1
685,7,1
685,8,1
685,9,1
685,10,0
686,1,0
686,2,1
686,3,1
686,4,0
686,5,0
686,6,1
686,7,1
686,8,1
686,9,1
686,10,1
687,1,0
687,2,1
687,3,1
687,4,0
687,5,0
687,6,1
687,7,0
687,8,0
687,9,1
687,10,1
688,1,1
688,2,1
688,3,1
688,4,1
688,5,1
688,6,1
688,7,1
688,8,0
688,9,1
688,10,1
689,1,0
689,2,0
689,3,0
689,4,1
689,5,0
689,6,1
689,7,1
689,8,1
689,9,1
689,10,0
690,1,1
690,2,1
690,3,1
690,4,1
690,5,1
690,6,1
690,7,1
690,8,1
690,9,1
690,10,1
691,1,1
691,2,1
691,3,0
691,4,0
691,5,1
691,6,1
691,7,1
691,8,1
691,9,1
691,10,1
692,1,0
692,2,0
692,3,0
692,4,1
692,5,1
692,6,1
692,7,1
692,8,1
692,9,1
692,10,0
693,1,0
693,2,0
693,3,0
693,4,1
693,5,1
693,6,1
693,7,1
693,8,1
693,9,1
693,10,1
694,1,0
694,2,1
694,3,1
694,4,1
694,5,1
694,6,1
694,7,1
694,8,1
694,9,1
694,10,1
695,1,0
695,2,1
695,3,1
695,4,1
695,5,0
695,6,1
695,7,1
695,8,1
695,9,1
695,10,1
696,1,1
696,2,1
696,3,0
696,4,0
696,5,1
696,6,0
696,7,0
696,8,1
696,9,1
696,10,1
697,1,0
697,2,1
697,3,1
697,4,1
697,5,1
697,6,1
697,7,1
697,8,1
697,9,1
697,10,1
698,1,0
698,2,0
698,3,0
698,4,0
698,5,0
698,6,0
698,7,1
698,8,0
698,9,1
698,10,1
699,1,1
699,2,1
699,3,1
699,4,1
699,5,0
699,6,1
699,7,1
699,8,1
699,9,1
699,10,1
700,1,1
700,2,1
700,3,1
700,4,1
700,5,1
700,6,1
700,7,1
700,8,1
700,9,1
700,10,1
701,1,0
701,2,0
701,3,0
701,4,0
701,5,1
701,6,1
701,7,0
701,8,1
701,9,1
701,10,1
702,1,1
702,2,1
702,3,1
702,4,1
702,5,1
702,6,1
702,7,1
702,8,1
702,9,1
702,10,1
703,1,0
703,2,1
703,3,0
703,4,1
703,5,0
703,6,1
703,7,1
703,8,1
703,9,1
703,10,1
704,1,1
704,2,1
704,3,1
704,4,1
704,5,1
704,6,1
704,7,1
704,8,1
704,9,1
704,10,0
705,1,1
705,2,1
705,3,1
705,4,1
705,5,1
705,6,1
705,7,1
705,8,1
705,9,1
705,10,1
706,1,0
706,2,0
706,3,0
706,4,0
706,5,1
706,6,1
706,7,1
706,8,1
706,9,0
706,10,1
707,1,1
707,2,1
707,3,0
707,4,0
707,5,0
707,6,1
707,7,1
707,8,0
707,9,1
707,10,1
708,1,1
708,2,1
708,3,1
708,4,1
708,5,1
708,6,1
708,7,1
708,8,1
708,9,1
708,10,1
709,1,1
709,2,1
709,3,1
709,4,0
709,5,1
709,6,1
709,7,1
709,8,1
709,9,1
709,10,1
710,1,0
710,2,0
710,3,0
710,4,0
710,5,0
710,6,0
710,7,1
710,8,1
710,9,1
710,10,1
711,1,1
711,2,1
711,3,1
711,4,1
711,5,1
711,6,1
711,7,1
711,8,1
711,9,1
711,10,1
712,1,1
712,2,1
712,3,1
712,4,1
712,5,1
712,6,1
712,7,1
712,8,0
712,9,1
712,10,1
713,1,0
713,2,0
713,3,1
713,4,1
713,5,0
713,6,0
713,7,1
713,8,1
713,9,1
713,10,0
714,1,1
714,2,1
714,3,1
714,4,1
714,5,0
714,6,1
714,7,1
714,8,1
714,9,1
714,10,1
715,1,1
715,2,1
715,3,1
715,4,1
715,5,1
715,6,1
715,7,1
715,8,1
715,9,1
715,10,1
716,1,0
716,2,1
716,3,0
716,4,1
716,5,1
716,6,0
716,7,1
716,8,1
716,9,1
716,10,1
717,1,0
717,2,1
717,3,0
717,4,1
717,5,0
717,6,1
717,7,1
717,8,1
717,9,1
717,10,0
718,1,0
718,2,1
718,3,1
718,4,1
718,5,1
718,6,1
718,7,1
718,8,1
718,9,0
718,10,1
719,1,0
719,2,0
719,3,0
719,4,0
719,5,0
719,6,1
719,7,1
719,8,1
719,9,1
719,10,1
720,1,0
720,2,0
720,3,0
720,4,0
720,5,1
720,6,1
720,7,1
720,8,1
720,9,1
720,10,1
721,1,0
721,2,1
721,3,1
721,4,0
721,5,1
721,6,1
721,7,1
721,8,1
721,9,0
721,10,1
722,1,1
722,2,1
722,3,1
722,4,1
722,5,1
722,6,1
722,7,1
722,8,1
722,9,1
722,10,1
723,1,1
723,2,0
723,3,1
723,4,0
723,5,0
723,6,0
723,7,1
723,8,0
723,9,0
723,10,0
724,1,0
724,2,0
724,3,0
724,4,0
724,5,1
724,6,1
724,7,1
724,8,0
724,9,1
724,10,1
725,1,1
725,2,1
725,3,1
725,4,1
725,5,1
725,6,1
725,7,1
725,8,0
725,9,1
725,10,1
726,1,1
726,2,1
726,3,0
726,4,1
726,5,1
726,6,1
726,7,1
726,8,1
726,9,1
726,10,1
727,1,0
727,2,0
727,3,0
727,4,0
727,5,1
727,6,1
727,7,1
727,8,1
727,9,1
727,10,1
728,1,0
728,2,0
728,3,1
728,4,1
728,5,0
728,6,1
728,7,1
728,8,1
728,9,1
728,10,1
729,1,0
729,2,0
729,3,0
729,4,1
729,5,0
729,6,1
729,7,1
729,8,1
729,9,1
729,10,0
730,1,0
730,2,0
730,3,1
730,4,0
730,5,1
730,6,0
730,7,0
730,8,1
730,9,1
730,10,1
731,1,0
731,2,0
731,3,1
731,4,0
731,5,1
731,6,1
731,7,1
731,8,0
731,9,0
731,10,1
732,1,0
732,2,0
732,3,0
732,4,1
732,5,1
732,6,1
732,7,1
732,8,0
732,9,1
732,10,1
733,1,0
733,2,0
733,3,1
733,4,1
733,5,1
733,6,1
733,7,0
733,8,1
733,9,0
733,10,1
734,1,0
734,2,1
734,3,0
734,4,1
734,5,1
734,6,0
734,7,1
734,8,0
734,9,0
734,10,1
735,1,1
735,2,1
735,3,1
735,4,1
735,5,1
735,6,0
735,7,0
735,8,1
735,9,1
735,10,1
736,1,0
736,2,0
736,3,0
736,4,0
736,5,0
736,6,0
736,7,1
736,8,1
736,9,0
736,10,1
737,1,1
737,2,0
737,3,0
737,4,0
737,5,0
737,6,0
737,7,0
737,8,1
737,9,1
737,10,1
738,1,0
738,2,0
738,3,0
738,4,0
738,5,1
738,6,1
738,7,1
738,8,0
738,9,0
738,10,1
739,1,0
739,2,0
739,3,1
739,4,0
739,5,1
739,6,1
739,7,1
739,8,1
739,9,0
739,10,1
740,1,0
740,2,0
740,3,1
740,4,0
740,5,0
740,6,1
740,7,1
740,8,1
740,9,1
740,10,1
741,1,0
741,2,0
741,3,0
741,4,0
741,5,1
741,6,0
741,7,0
741,8,1
741,9,1
741,10,1
742,1,1
742,2,1
742,3,1
742,4,0
742,5,1
742,6,0
742,7,1
742,8,1
742,9,1
742,10,1
743,1,0
743,2,1
743,3,0
743,4,1
743,5,0
743,6,1
743,7,0
743,8,1
743,9,1
743,10,1
744,1,0
744,2,1
744,3,0
744,4,0
744,5,1
744,6,0
744,7,1
744,8,1
744,9,1
744,10,1
745,1,1
745,2,1
745,3,1
745,4,0
745,5,1
745,6,1
745,7,1
745,8,0
745,9,1
745,10,0
746,1,1
746,2,1
746,3,0
746,4,0
746,5,1
746,6,1
746,7,1
746,8,1
746,9,1
746,10,1
747,1,1
747,2,1
747,3,0
747,4,1
747,5,1
747,6,1
747,7,1
747,8,1
747,9,1
747,10,1
748,1,1
748,2,0
748,3,1
748,4,0
748,5,1
748,6,1
748,7,1
748,8,1
748,9,1
748,10,1
749,1,0
749,2,0
749,3,0
749,4,1
749,5,1
749,6,0
749,7,1
749,8,0
749,9,1
749,10,1
750,1,0
750,2,0
750,3,0
750,4,0
750,5,0
750,6,1
750,7,1
750,8,1
750,9,1
750,10,1
751,1,0
751,2,1
751,3,0
751,4,1
751,5,0
751,6,1
751,7,1
751,8,1
751,9,1
751,10,1
752,1,0
752,2,0
752,3,0
752,4,0
752,5,1
752,6,1
752,7,1
752,8,1
752,9,1
752,10,1
753,1,1
753,2,0
753,3,0
753,4,0
753,5,0
753,6,1
753,7,1
753,8,1
753,9,1
753,10,1
754,1,0
754,2,0
754,3,0
754,4,1
754,5,1
754,6,1
754,7,1
754,8,1
754,9,1
754,10,1
755,1,0
755,2,1
755,3,0
755,4,1
755,5,0
755,6,1
755,7,1
755,8,1
755,9,1
755,10,0
756,1,0
756,2,1
756,3,1
756,4,1
756,5,1
756,6,1
756,7,1
756,8,1
756,9,1
756,10,1
757,1,1
757,2,1
757,3,1
757,4,1
757,5,1
757,6,1
757,7,1
757,8,1
757,9,1
757,10,1
758,1,0
758,2,0
758,3,1
758,4,0
758,5,1
758,6,0
758,7,0
758,8,1
758,9,1
758,10,1
759,1,1
759,2,0
759,3,0
759,4,1
759,5,0
759,6,1
759,7,1
759,8,0
759,9,1
759,10,1
760,1,1
760,2,1
760,3,1
760,4,1
760,5,1
760,6,0
760,7,1
760,8,0
760,9,1
760,10,1
761,1,0
761,2,0
761,3,0
761,4,0
761,5,0
761,6,0
761,7,1
761,8,1
761,9,1
761,10,1
762,1,0
762,2,1
762,3,1
762,4,0
762,5,1
762,6,1
762,7,1
762,8,1
762,9,1
762,10,1
763,1,0
763,2,1
763,3,1
763,4,1
763,5,1
763,6,0
763,7,1
763,8,1
763,9,1
763,10,1
764,1,0
764,2,1
764,3,0
764,4,1
764,5,0
764,6,1
764,7,1
764,8,0
764,9,0
764,10,1
765,1,0
765,2,0
765,3,1
765,4,1
765,5,0
765,6,0
765,7,0
765,8,1
765,9,1
765,10,1
766,1,0
766,2,0
766,3,0
766,4,0
766,5,1
766,6,0
766,7,1
766,8,1
766,9,1
766,10,1
767,1,0
767,2,0
767,3,0
767,4,0
767,5,0
767,6,1
767,7,0
767,8,0
767,9,1
767,10,1
768,1,0
768,2,0
768,3,1
768,4,1
768,5,0
768,6,0
768,7,0
768,8,1
768,9,1
768,10,1
769,1,0
769,2,0
769,3,1
769,4,0
769,5,1
769,6,1
769,7,1
769,8,1
769,9,1
769,10,1
770,1,0
770,2,1
770,3,1
770,4,1
770,5,0
770,6,1
770,7,1
770,8,1
770,9,1
770,10,1
771,1,0
771,2,0
771,3,1
771,4,1
771,5,1
771,6,1
771,7,1
771,8,1
771,9,1
771,10,1
772,1,0
772,2,0
772,3,0
772,4,0
772,5,1
772,6,0
772,7,0
772,8,1
772,9,1
772,10,1
773,1,0
773,2,0
773,3,0
773,4,1
773,5,0
773,6,0
773,7,1
773,8,1
773,9,1
773,10,1
774,1,1
774,2,0
774,3,1
774,4,0
774,5,1
774,6,1
774,7,1
774,8,1
774,9,0
774,10,1
775,1,0
775,2,1
775,3,0
775,4,1
775,5,1
775,6,1
775,7,0
775,8,1
775,9,1
775,10,1
776,1,0
776,2,0
776,3,0
776,4,0
776,5,0
776,6,1
776,7,1
776,8,1
776,9,1
776,10,1
777,1,0
777,2,0
777,3,0
777,4,0
777,5,1
777,6,1
777,7,0
777,8,1
777,9,1
777,10,1
778,1,0
778,2,1
778,3,0
778,4,0
778,5,0
778,6,0
778,7,1
778,8,1
778,9,0
778,10,1
779,1,0
779,2,1
779,3,0
779,4,0
779,5,0
779,6,1
779,7,1
779,8,0
779,9,1
779,10,1
780,1,0
780,2,0
780,3,0
780,4,0
780,5,0
780,6,1
780,7,1
780,8,1
780,9,0
780,10,1
781,1,0
781,2,0
781,3,0
781,4,0
781,5,0
781,6,1
781,7,0
781,8,1
781,9,1
781,10,1
782,1,0
782,2,1
782,3,0
782,4,1
782,5,1
782,6,1
782,7,1
782,8,1
782,9,1
782,10,1
783,1,1
783,2,1
783,3,1
783,4,1
783,5,1
783,6,1
783,7,1
783,8,0
783,9,1
783,10,1
784,1,0
784,2,0
784,3,1
784,4,0
784,5,0
784,6,1
784,7,0
784,8,1
784,9,1
784,10,1
785,1,0
785,2,0
785,3,0
785,4,0
785,5,1
785,6,1
785,7,0
785,8,0
785,9,1
785,10,1
786,1,0
786,2,0
786,3,1
786,4,1
786,5,0
786,6,0
786,7,1
786,8,1
786,9,1
786,10,1
787,1,0
787,2,1
787,3,1
787,4,1
787,5,1
787,6,0
787,7,1
787,8,1
787,9,0
787,10,0
788,1,0
788,2,1
788,3,1
788,4,1
788,5,0
788,6,1
788,7,1
788,8,1
788,9,0
788,10,0
789,1,0
789,2,0
789,3,0
789,4,0
789,5,1
789,6,1
789,7,1
789,8,1
789,9,1
789,10,1
790,1,1
790,2,1
790,3,1
790,4,1
790,5,1
790,6,1
790,7,1
790,8,1
790,9,1
790,10,1
791,1,1
791,2,1
791,3,1
791,4,1
791,5,1
791,6,1
791,7,1
791,8,1
791,9,1
791,10,1
792,1,1
792,2,1
792,3,1
792,4,1
792,5,1
792,6,1
792,7,1
792,8,1
792,9,1
792,10,1
793,1,1
793,2,1
793,3,1
793,4,1
793,5,1
793,6,0
793,7,1
793,8,1
793,9,1
793,10,1
794,1,0
794,2,1
794,3,1
794,4,1
794,5,0
794,6,1
794,7,1
794,8,1
794,9,1
794,10,1
795,1,0
795,2,0
795,3,1
795,4,1
795,5,0
795,6,1
795,7,0
795,8,1
795,9,1
795,10,1
796,1,1
796,2,1
796,3,0
796,4,1
796,5,1
796,6,1
796,7,1
796,8,1
796,9,0
796,10,1
797,1,1
797,2,1
797,3,1
797,4,1
797,5,0
797,6,1
797,7,1
797,8,1
797,9,1
797,10,1
798,1,1
798,2,1
798,3,1
798,4,1
798,5,1
798,6,1
798,7,1
798,8,1
798,9,1
798,10,1
799,1,1
799,2,1
799,3,1
799,4,0
799,5,1
799,6,1
799,7,1
799,8,1
799,9,1
799,10,1
800,1,0
800,2,1
800,3,0
800,4,1
800,5,0
800,6,1
800,7,1
800,8,0
800,9,0
800,10,1
801,1,0
801,2,1
801,3,0
801,4,1
801,5,0
801,6,0
801,7,1
801,8,1
801,9,1
801,10,1
802,1,1
802,2,0
802,3,0
802,4,0
802,5,0
802,6,1
802,7,1
802,8,1
802,9,1
802,10,1
803,1,1
803,2,0
803,3,0
803,4,1
803,5,1
803,6,1
803,7,1
803,8,1
803,9,1
803,10,1
804,1,0
804,2,1
804,3,0
804,4,1
804,5,1
804,6,1
804,7,1
804,8,1
804,9,1
804,10,1
805,1,0
805,2,1
805,3,0
805,4,1
805,5,0
805,6,0
805,7,1
805,8,1
805,9,1
805,10,1
806,1,1
806,2,1
806,3,1
806,4,1
806,5,1
806,6,1
806,7,1
806,8,1
806,9,0
806,10,0
807,1,0
807,2,0
807,3,1
807,4,1
807,5,0
807,6,0
807,7,1
807,8,1
807,9,1
807,10,1
808,1,1
808,2,1
808,3,1
808,4,1
808,5,1
808,6,1
808,7,0
808,8,1
808,9,1
808,10,1
809,1,0
809,2,1
809,3,1
809,4,0
809,5,1
809,6,1
809,7,0
809,8,0
809,9,1
809,10,0
810,1,1
810,2,1
810,3,1
810,4,1
810,5,1
810,6,1
810,7,1
810,8,1
810,9,1
810,10,1
811,1,0
811,2,1
811,3,1
811,4,0
811,5,0
811,6,1
811,7,1
811,8,0
811,9,1
811,10,0
812,1,1
812,2,1
812,3,1
812,4,1
812,5,0
812,6,1
812,7,1
812,8,1
812,9,1
812,10,1
813,1,0
813,2,1
813,3,1
813,4,0
813,5,0
813,6,1
813,7,1
813,8,1
813,9,0
813,10,1
814,1,1
814,2,1
814,3,0
814,4,1
814,5,1
814,6,1
814,7,1
814,8,1
814,9,1
814,10,0
815,1,0
815,2,0
815,3,0
815,4,1
815,5,0
815,6,1
815,7,0
815,8,1
815,9,1
815,10,1
816,1,1
816,2,0
816,3,1
816,4,0
816,5,1
816,6,1
816,7,0
816,8,0
816,9,0
816,10,0
817,1,1
817,2,0
817,3,1
817,4,1
817,5,1
817,6,1
817,7,1
817,8,1
817,9,1
817,10,1
818,1,0
818,2,0
818,3,0
818,4,0
818,5,0
818,6,0
818,7,0
818,8,1
818,9,1
818,10,1
819,1,0
819,2,1
819,3,1
819,4,1
819,5,0
819,6,0
819,7,1
819,8,1
819,9,0
819,10,1
820,1,0
820,2,0
820,3,1
820,4,1
820,5,1
820,6,1
820,7,0
820,8,1
820,9,1
820,10,1
821,1,1
821,2,0
821,3,0
821,4,0
821,5,1
821,6,1
821,7,0
821,8,1
821,9,1
821,10,1
822,1,1
822,2,1
822,3,1
822,4,0
822,5,0
822,6,1
822,7,1
822,8,1
822,9,1
822,10,1
823,1,0
823,2,0
823,3,1
823,4,1
823,5,1
823,6,1
823,7,1
823,8,0
823,9,1
823,10,1
824,1,1
824,2,0
824,3,1
824,4,0
824,5,1
824,6,1
824,7,1
824,8,1
824,9,1
824,10,1
825,1,0
825,2,1
825,3,0
825,4,0
825,5,1
825,6,1
825,7,1
825,8,1
825,9,1
825,10,1
826,1,0
826,2,0
826,3,0
826,4,0
826,5,1
826,6,1
826,7,1
826,8,1
826,9,1
826,10,1
827,1,0
827,2,0
827,3,0
827,4,1
827,5,0
827,6,1
827,7,1
827,8,1
827,9,1
827,10,1
828,1,0
828,2,1
828,3,0
828,4,1
828,5,1
828,6,1
828,7,1
828,8,1
828,9,1
828,10,1
829,1,0
829,2,0
829,3,1
829,4,0
829,5,0
829,6,1
829,7,1
829,8,1
829,9,1
829,10,1
830,1,1
830,2,0
830,3,1
830,4,1
830,5,1
830,6,1
830,7,1
830,8,1
830,9,0
830,10,1
831,1,1
831,2,0
831,3,0
831,4,1
831,5,0
831,6,1
831,7,1
831,8,0
831,9,1
831,10,1
832,1,0
832,2,1
832,3,0
832,4,0
832,5,1
832,6,0
832,7,0
832,8,1
832,9,1
832,10,1
833,1,1
833,2,1
833,3,0
833,4,1
833,5,1
833,6,1
833,7,1
833,8,1
833,9,1
833,10,1
834,1,0
834,2,0
834,3,1
834,4,1
834,5,0
834,6,1
834,7,1
834,8,1
834,9,1
834,10,1
835,1,0
835,2,1
835,3,0
835,4,1
835,5,1
835,6,1
835,7,1
835,8,1
835,9,1
835,10,1
836,1,1
836,2,1
836,3,1
836,4,1
836,5,0
836,6,1
836,7,1
836,8,1
836,9,1
836,10,1
837,1,1
837,2,1
837,3,1
837,4,1
837,5,1
837,6,1
837,7,1
837,8,1
837,9,1
837,10,0
838,1,0
838,2,0
838,3,0
838,4,1
838,5,1
838,6,1
838,7,1
838,8,1
838,9,0
838,10,1
839,1,0
839,2,0
839,3,0
839,4,1
839,5,0
839,6,1
839,7,0
839,8,1
839,9,1
839,10,0
840,1,0
840,2,1
840,3,1
840,4,1
840,5,1
840,6,1
840,7,1
840,8,0
840,9,1
840,10,1
841,1,1
841,2,0
841,3,1
841,4,1
841,5,1
841,6,1
841,7,1
841,8,0
841,9,1
841,10,1
842,1,0
842,2,0
842,3,1
842,4,1
842,5,0
842,6,0
842,7,1
842,8,1
842,9,1
842,10,1
843,1,1
843,2,1
843,3,1
843,4,1
843,5,1
843,6,1
843,7,1
843,8,0
843,9,1
843,10,1
844,1,0
844,2,0
844,3,0
844,4,1
844,5,0
844,6,1
844,7,0
844,8,1
844,9,1
844,10,0
845,1,0
845,2,1
845,3,0
845,4,0
845,5,0
845,6,0
845,7,1
845,8,1
845,9,0
845,10,1
846,1,0
846,2,0
846,3,1
846,4,0
846,5,1
846,6,1
846,7,1
846,8,1
846,9,1
846,10,1
847,1,1
847,2,1
847,3,1
847,4,0
847,5,1
847,6,1
847,7,1
847,8,1
847,9,0
847,10,1
848,1,0
848,2,1
848,3,1
848,4,1
848,5,1
848,6,1
848,7,1
848,8,0
848,9,0
848,10,1
849,1,0
849,2,0
849,3,0
849,4,0
849,5,1
849,6,1
849,7,1
849,8,1
849,9,1
849,10,1
850,1,1
850,2,1
850,3,1
850,4,1
850,5,1
850,6,1
850,7,1
850,8,1
850,9,1
850,10,1
851,1,0
851,2,0
851,3,1
851,4,1
851,5,0
851,6,0
851,7,1
851,8,0
851,9,1
851,10,1
852,1,1
852,2,1
852,3,1
852,4,1
852,5,1
852,6,1
852,7,0
852,8,1
852,9,1
852,10,1
853,1,0
853,2,1
853,3,0
853,4,0
853,5,1
853,6,1
853,7,0
853,8,0
853,9,1
853,10,0
854,1,0
854,2,1
854,3,0
854,4,1
854,5,1
854,6,1
854,7,1
854,8,1
854,9,1
854,10,1
855,1,1
855,2,1
855,3,1
855,4,1
855,5,1
855,6,1
855,7,1
855,8,1
855,9,1
855,10,1
856,1,0
856,2,0
856,3,0
856,4,1
856,5,1
856,6,1
856,7,1
856,8,1
856,9,1
856,10,1
857,1,0
857,2,0
857,3,0
857,4,1
857,5,0
857,6,1
857,7,1
857,8,0
857,9,1
857,10,1
858,1,1
858,2,1
858,3,1
858,4,1
858,5,1
858,6,1
858,7,1
858,8,1
858,9,1
858,10,1
859,1,1
859,2,1
859,3,1
859,4,1
859,5,1
859,6,0
859,7,1
859,8,1
859,9,1
859,10,1
860,1,1
860,2,1
860,3,1
860,4,1
860,5,1
860,6,1
860,7,1
860,8,1
860,9,1
860,10,1
861,1,1
861,2,1
861,3,1
861,4,1
861,5,1
861,6,1
861,7,0
861,8,1
861,9,1
861,10,1
862,1,0
862,2,0
862,3,1
862,4,1
862,5,1
862,6,1
862,7,1
862,8,1
862,9,1
862,10,0
863,1,0
863,2,0
863,3,0
863,4,0
863,5,0
863,6,1
863,7,0
863,8,1
863,9,1
863,10,1
864,1,0
864,2,0
864,3,0
864,4,1
864,5,0
864,6,1
864,7,1
864,8,0
864,9,1
864,10,0
865,1,0
865,2,0
865,3,1
865,4,0
865,5,0
865,6,0
865,7,1
865,8,1
865,9,0
865,10,1
866,1,1
866,2,1
866,3,1
866,4,1
866,5,1
866,6,0
866,7,1
866,8,1
866,9,1
866,10,1
867,1,1
867,2,1
867,3,1
867,4,1
867,5,1
867,6,1
867,7,1
867,8,1
867,9,1
867,10,1
868,1,0
868,2,1
868,3,1
868,4,1
868,5,0
868,6,1
868,7,1
868,8,1
868,9,1
868,10,1
869,1,1
869,2,1
869,3,1
869,4,1
869,5,1
869,6,1
869,7,1
869,8,0
869,9,1
869,10,1
870,1,0
870,2,1
870,3,1
870,4,1
870,5,0
870,6,1
870,7,1
870,8,1
870,9,1
870,10,1
871,1,1
871,2,1
871,3,0
871,4,1
871,5,1
871,6,1
871,7,1
871,8,1
871,9,1
871,10,1
872,1,1
872,2,1
872,3,1
872,4,1
872,5,1
872,6,1
872,7,1
872,8,1
872,9,1
872,10,1
873,1,1
873,2,1
873,3,1
873,4,1
873,5,1
873,6,1
873,7,1
873,8,1
873,9,1
873,10,1
874,1,1
874,2,1
874,3,0
874,4,1
874,5,0
874,6,1
874,7,1
874,8,0
874,9,1
874,10,1
875,1,0
875,2,0
875,3,0
875,4,0
875,5,0
875,6,1
875,7,1
875,8,1
875,9,1
875,10,1
876,1,0
876,2,1
876,3,1
876,4,1
876,5,0
876,6,1
876,7,1
876,8,1
876,9,1
876,10,1
877,1,1
877,2,1
877,3,1
877,4,1
877,5,1
877,6,1
877,7,1
877,8,1
877,9,1
877,10,1
878,1,1
878,2,0
878,3,1
878,4,1
878,5,1
878,6,1
878,7,1
878,8,1
878,9,1
878,10,1
879,1,0
879,2,0
879,3,0
879,4,1
879,5,0
879,6,1
879,7,1
879,8,0
879,9,1
879,10,1
880,1,0
880,2,1
880,3,0
880,4,1
880,5,1
880,6,1
880,7,1
880,8,1
880,9,1
880,10,0
881,1,1
881,2,0
881,3,0
881,4,0
881,5,0
881,6,1
881,7,1
881,8,1
881,9,1
881,10,1
882,1,0
882,2,1
882,3,1
882,4,0
882,5,1
882,6,1
882,7,1
882,8,1
882,9,1
882,10,1
883,1,0
883,2,0
883,3,0
883,4,1
883,5,1
883,6,1
883,7,1
883,8,0
883,9,1
883,10,1
884,1,0
884,2,1
884,3,0
884,4,0
884,5,1
884,6,1
884,7,1
884,8,1
884,9,1
884,10,1
885,1,1
885,2,1
885,3,1
885,4,1
885,5,1
885,6,1
885,7,1
885,8,1
885,9,1
885,10,1
886,1,0
886,2,0
886,3,1
886,4,0
886,5,1
886,6,0
886,7,1
886,8,1
886,9,1
886,10,1
887,1,1
887,2,1
887,3,0
887,4,1
887,5,0
887,6,1
887,7,1
887,8,1
887,9,0
887,10,1
888,1,0
888,2,1
888,3,0
888,4,0
888,5,1
888,6,1
888,7,1
888,8,1
888,9,0
888,10,1
889,1,0
889,2,0
889,3,0
889,4,0
889,5,1
889,6,0
889,7,1
889,8,1
889,9,1
889,10,1
890,1,0
890,2,0
890,3,0
890,4,0
890,5,1
890,6,1
890,7,0
890,8,1
890,9,0
890,10,1
891,1,0
891,2,0
891,3,1
891,4,1
891,5,0
891,6,1
891,7,1
891,8,0
891,9,1
891,10,0
892,1,1
892,2,0
892,3,1
892,4,1
892,5,1
892,6,1
892,7,1
892,8,1
892,9,1
892,10,1
893,1,0
893,2,1
893,3,0
893,4,0
893,5,0
893,6,0
893,7,1
893,8,1
893,9,1
893,10,1
894,1,1
894,2,1
894,3,1
894,4,1
894,5,1
894,6,1
894,7,1
894,8,1
894,9,1
894,10,1
895,1,1
895,2,1
895,3,1
895,4,1
895,5,1
895,6,1
895,7,1
895,8,1
895,9,1
895,10,1
896,1,1
896,2,1
896,3,1
896,4,0
896,5,1
896,6,1
896,7,1
896,8,1
896,9,0
896,10,1
897,1,1
897,2,1
897,3,1
897,4,1
897,5,1
897,6,1
897,7,1
897,8,1
897,9,1
897,10,1
898,1,0
898,2,0
898,3,0
898,4,0
898,5,1
898,6,0
898,7,1
898,8,1
898,9,1
898,10,1
899,1,1
899,2,1
899,3,1
899,4,1
899,5,1
899,6,1
899,7,1
899,8,1
899,9,1
899,10,1
900,1,0
900,2,0
900,3,1
900,4,1
900,5,0
900,6,0
900,7,1
900,8,1
900,9,1
900,10,1
901,1,0
901,2,0
901,3,0
901,4,1
901,5,1
901,6,1
901,7,1
901,8,1
901,9,1
901,10,1
902,1,0
902,2,0
902,3,1
902,4,1
902,5,0
902,6,1
902,7,0
902,8,1
902,9,1
902,10,1
903,1,1
903,2,1
903,3,1
903,4,1
903,5,1
903,6,1
903,7,0
903,8,1
903,9,1
903,10,1
904,1,0
904,2,1
904,3,1
904,4,1
904,5,1
904,6,1
904,7,1
904,8,1
904,9,1
904,10,1
905,1,1
905,2,1
905,3,1
905,4,1
905,5,1
905,6,1
905,7,1
905,8,0
905,9,1
905,10,1
906,1,0
906,2,1
906,3,0
906,4,1
906,5,0
906,6,1
906,7,1
906,8,1
906,9,1
906,10,1
907,1,0
907,2,1
907,3,0
907,4,1
907,5,0
907,6,1
907,7,1
907,8,1
907,9,1
907,10,1
908,1,0
908,2,1
908,3,0
908,4,1
908,5,1
908,6,0
908,7,1
908,8,0
908,9,1
908,10,1
909,1,0
909,2,0
909,3,0
909,4,1
909,5,0
909,6,0
909,7,1
909,8,1
909,9,1
909,10,1
910,1,0
910,2,0
910,3,0
910,4,1
910,5,1
910,6,0
910,7,1
910,8,0
910,9,1
910,10,0
911,1,0
911,2,1
911,3,0
911,4,0
911,5,1
911,6,1
911,7,1
911,8,1
911,9,0
911,10,0
912,1,1
912,2,0
912,3,1
912,4,0
912,5,0
912,6,1
912,7,1
912,8,1
912,9,1
912,10,1
913,1,0
913,2,1
913,3,1
913,4,1
913,5,1
913,6,1
913,7,1
913,8,1
913,9,1
913,10,1
914,1,1
914,2,0
914,3,0
914,4,1
914,5,0
914,6,0
914,7,0
914,8,1
914,9,1
914,10,1
915,1,0
915,2,0
915,3,1
915,4,0
915,5,0
915,6,1
915,7,1
915,8,0
915,9,1
915,10,1
916,1,1
916,2,1
916,3,1
916,4,1
916,5,0
916,6,1
916,7,1
916,8,1
916,9,1
916,10,1
917,1,0
917,2,0
917,3,1
917,4,1
917,5,0
917,6,1
917,7,1
917,8,1
917,9,1
917,10,1
918,1,0
918,2,0
918,3,1
918,4,1
918,5,0
918,6,0
918,7,0
918,8,1
918,9,1
918,10,1
919,1,1
919,2,1
919,3,1
919,4,1
919,5,1
919,6,0
919,7,1
919,8,1
919,9,1
919,10,1
920,1,1
920,2,1
920,3,0
920,4,1
920,5,1
920,6,1
920,7,1
920,8,0
920,9,1
920,10,1
921,1,0
921,2,1
921,3,1
921,4,0
921,5,0
921,6,1
921,7,1
921,8,1
921,9,1
921,10,1
922,1,0
922,2,1
922,3,0
922,4,1
922,5,1
922,6,1
922,7,0
922,8,1
922,9,1
922,10,1
923,1,1
923,2,1
923,3,1
923,4,1
923,5,1
923,6,0
923,7,0
923,8,1
923,9,1
923,10,1
924,1,0
924,2,0
924,3,0
924,4,0
924,5,1
924,6,1
924,7,0
924,8,0
924,9,1
924,10,1
925,1,0
925,2,0
925,3,1
925,4,1
925,5,0
925,6,0
925,7,1
925,8,1
925,9,1
925,10,1
926,1,0
926,2,1
926,3,0
926,4,1
926,5,1
926,6,1
926,7,1
926,8,1
926,9,1
926,10,1
927,1,1
927,2,0
927,3,0
927,4,1
927,5,0
927,6,1
927,7,1
927,8,1
927,9,1
927,10,1
928,1,1
928,2,1
928,3,1
928,4,1
928,5,0
928,6,0
928,7,1
928,8,1
928,9,1
928,10,1
929,1,0
929,2,0
929,3,0
929,4,0
929,5,0
929,6,1
929,7,0
929,8,0
929,9,1
929,10,1
930,1,1
930,2,0
930,3,1
930,4,0
930,5,1
930,6,1
930,7,1
930,8,1
930,9,1
930,10,1
931,1,1
931,2,1
931,3,1
931,4,1
931,5,1
931,6,1
931,7,1
931,8,1
931,9,1
931,10,1
932,1,1
932,2,1
932,3,1
932,4,1
932,5,1
932,6,1
932,7,1
932,8,1
932,9,1
932,10,1
933,1,1
933,2,1
933,3,1
933,4,1
933,5,1
933,6,1
933,7,1
933,8,1
933,9,1
933,10,1
934,1,0
934,2,1
934,3,1
934,4,1
934,5,1
934,6,1
934,7,1
934,8,1
934,9,1
934,10,1
935,1,1
935,2,1
935,3,1
935,4,1
935,5,1
935,6,0
935,7,1
935,8,1
935,9,1
935,10,1
936,1,0
936,2,0
936,3,1
936,4,0
936,5,1
936,6,1
936,7,1
936,8,0
936,9,1
936,10,1
937,1,0
937,2,0
937,3,0
937,4,1
937,5,0
937,6,0
937,7,0
937,8,1
937,9,1
937,10,0
938,1,1
938,2,0
938,3,0
938,4,1
938,5,0
938,6,1
938,7,1
938,8,0
938,9,1
938,10,1
939,1,0
939,2,0
939,3,0
939,4,1
939,5,1
939,6,1
939,7,0
939,8,1
939,9,1
939,10,1
940,1,1
940,2,1
940,3,1
940,4,1
940,5,1
940,6,1
940,7,1
940,8,1
940,9,1
940,10,1
941,1,1
941,2,0
941,3,0
941,4,1
941,5,1
941,6,1
941,7,1
941,8,1
941,9,1
941,10,1
942,1,0
942,2,1
942,3,0
942,4,0
942,5,0
942,6,1
942,7,1
942,8,1
942,9,1
942,10,1
943,1,0
943,2,0
943,3,0
943,4,0
943,5,0
943,6,0
943,7,1
943,8,1
943,9,1
943,10,1
944,1,0
944,2,1
944,3,0
944,4,1
944,5,0
944,6,1
944,7,0
944,8,0
944,9,1
944,10,1
945,1,0
945,2,0
945,3,0
945,4,0
945,5,1
945,6,1
945,7,1
945,8,1
945,9,1
945,10,1
946,1,1
946,2,1
946,3,1
946,4,1
946,5,1
946,6,1
946,7,1
946,8,1
946,9,1
946,10,1
947,1,0
947,2,0
947,3,1
947,4,1
947,5,1
947,6,1
947,7,1
947,8,0
947,9,1
947,10,0
948,1,0
948,2,1
948,3,0
948,4,0
948,5,1
948,6,1
948,7,1
948,8,0
948,9,1
948,10,1
949,1,0
949,2,1
949,3,0
949,4,1
949,5,0
949,6,1
949,7,0
949,8,1
949,9,1
949,10,0
950,1,0
950,2,0
950,3,0
950,4,1
950,5,1
950,6,1
950,7,1
950,8,1
950,9,1
950,10,1
951,1,1
951,2,1
951,3,1
951,4,1
951,5,1
951,6,1
951,7,1
951,8,1
951,9,1
951,10,1
952,1,1
952,2,0
952,3,1
952,4,0
952,5,1
952,6,0
952,7,1
952,8,1
952,9,1
952,10,1
953,1,0
953,2,1
953,3,1
953,4,0
953,5,1
953,6,1
953,7,0
953,8,1
953,9,1
953,10,1
954,1,1
954,2,1
954,3,1
954,4,1
954,5,1
954,6,0
954,7,1
954,8,1
954,9,0
954,10,1
955,1,1
955,2,1
955,3,1
955,4,1
955,5,1
955,6,1
955,7,1
955,8,1
955,9,1
955,10,1
956,1,0
956,2,1
956,3,0
956,4,0
956,5,0
956,6,1
956,7,1
956,8,0
956,9,1
956,10,1
957,1,0
957,2,0
957,3,0
957,4,1
957,5,1
957,6,1
957,7,1
957,8,0
957,9,0
957,10,1
958,1,1
958,2,1
958,3,1
958,4,1
958,5,0
958,6,1
958,7,1
958,8,1
958,9,0
958,10,1
959,1,1
959,2,1
959,3,0
959,4,1
959,5,1
959,6,1
959,7,1
959,8,1
959,9,1
959,10,1
960,1,0
960,2,0
960,3,0
960,4,1
960,5,1
960,6,1
960,7,0
960,8,1
960,9,1
960,10,1
961,1,0
961,2,1
961,3,0
961,4,0
961,5,1
961,6,0
961,7,1
961,8,1
961,9,1
961,10,1
962,1,0
962,2,0
962,3,0
962,4,1
962,5,1
962,6,1
962,7,1
962,8,1
962,9,1
962,10,1
963,1,0
963,2,0
963,3,1
963,4,0
963,5,0
963,6,0
963,7,1
963,8,1
963,9,1
963,10,1
964,1,0
964,2,1
964,3,1
964,4,1
964,5,0
964,6,1
964,7,1
964,8,1
964,9,1
964,10,1
965,1,0
965,2,1
965,3,0
965,4,1
965,5,1
965,6,1
965,7,1
965,8,1
965,9,1
965,10,1
966,1,1
966,2,1
966,3,1
966,4,0
966,5,1
966,6,1
966,7,1
966,8,0
966,9,1
966,10,1
967,1,1
967,2,0
967,3,1
967,4,0
967,5,1
967,6,1
967,7,1
967,8,1
967,9,1
967,10,1
968,1,0
968,2,0
968,3,0
968,4,1
968,5,1
968,6,1
968,7,1
968,8,1
968,9,1
968,10,1
969,1,0
969,2,0
969,3,1
969,4,0
969,5,1
969,6,1
969,7,0
969,8,1
969,9,1
969,10,1
970,1,1
970,2,1
970,3,1
970,4,1
970,5,1
970,6,1
970,7,1
970,8,1
970,9,1
970,10,1
971,1,1
971,2,1
971,3,1
971,4,1
971,5,0
971,6,1
971,7,0
971,8,1
971,9,1
971,10,1
972,1,1
972,2,0
972,3,1
972,4,0
972,5,1
972,6,1
972,7,0
972,8,1
972,9,1
972,10,1
973,1,0
973,2,0
973,3,1
973,4,0
973,5,0
973,6,1
973,7,1
973,8,1
973,9,1
973,10,1
974,1,0
974,2,1
974,3,0
974,4,1
974,5,0
974,6,1
974,7,1
974,8,1
974,9,1
974,10,1
975,1,1
975,2,0
975,3,1
975,4,1
975,5,0
975,6,1
975,7,1
975,8,1
975,9,1
975,10,1
976,1,0
976,2,1
976,3,1
976,4,0
976,5,1
976,6,0
976,7,1
976,8,0
976,9,1
976,10,1
977,1,0
977,2,1
977,3,0
977,4,1
977,5,1
977,6,0
977,7,0
977,8,1
977,9,1
977,10,1
978,1,1
978,2,0
978,3,1
978,4,0
978,5,1
978,6,1
978,7,1
978,8,1
978,9,0
978,10,1
979,1,1
979,2,1
979,3,0
979,4,1
979,5,1
979,6,1
979,7,1
979,8,1
979,9,1
979,10,1
980,1,1
980,2,1
980,3,0
980,4,1
980,5,1
980,6,1
980,7,1
980,8,1
980,9,1
980,10,1
981,1,0
981,2,0
981,3,0
981,4,1
981,5,0
981,6,1
981,7,1
981,8,1
981,9,1
981,10,1
982,1,0
982,2,0
982,3,0
982,4,1
982,5,0
982,6,1
982,7,0
982,8,1
982,9,1
982,10,1
983,1,1
983,2,0
983,3,0
983,4,0
983,5,1
983,6,1
983,7,1
983,8,1
983,9,1
983,10,1
984,1,1
984,2,0
984,3,1
984,4,1
984,5,0
984,6,0
984,7,1
984,8,1
984,9,1
984,10,0
985,1,1
985,2,1
985,3,1
985,4,1
985,5,0
985,6,1
985,7,1
985,8,1
985,9,1
985,10,1
986,1,1
986,2,1
986,3,1
986,4,0
986,5,1
986,6,1
986,7,1
986,8,1
986,9,1
986,10,1
987,1,0
987,2,0
987,3,0
987,4,1
987,5,0
987,6,0
987,7,1
987,8,0
987,9,0
987,10,1
988,1,0
988,2,0
988,3,1
988,4,0
988,5,1
988,6,1
988,7,1
988,8,0
988,9,1
988,10,1
989,1,0
989,2,0
989,3,0
989,4,0
989,5,1
989,6,1
989,7,0
989,8,1
989,9,1
989,10,1
990,1,0
990,2,0
990,3,0
990,4,1
990,5,1
990,6,1
990,7,1
990,8,1
990,9,1
990,10,1
991,1,1
991,2,1
991,3,1
991,4,1
991,5,1
991,6,1
991,7,0
991,8,1
991,9,0
991,10,1
992,1,1
992,2,1
992,3,1
992,4,1
992,5,1
992,6,1
992,7,1
992,8,1
992,9,1
992,10,1
993,1,1
993,2,1
993,3,1
993,4,1
993,5,1
993,6,1
993,7,1
993,8,1
993,9,1
993,10,1
994,1,0
994,2,0
994,3,1
994,4,1
994,5,1
994,6,1
994,7,1
994,8,1
994,9,0
994,10,1
995,1,0
995,2,1
995,3,1
995,4,1
995,5,0
995,6,1
995,7,1
995,8,1
995,9,1
995,10,1
996,1,1
996,2,1
996,3,1
996,4,1
996,5,1
996,6,1
996,7,1
996,8,0
996,9,1
996,10,1
997,1,1
997,2,0
997,3,1
997,4,1
997,5,1
997,6,1
997,7,1
997,8,1
997,9,1
997,10,1
998,1,0
998,2,0
998,3,0
998,4,0
998,5,0
998,6,1
998,7,1
998,8,1
998,9,1
998,10,1
999,1,0
999,2,0
999,3,0
999,4,0
999,5,0
999,6,1
999,7,1
999,8,0
999,9,1
999,10,1
